2.000000000000000111e-01 6.805479575873023268e-02 2.795205973158220066e-03 1.073286927310284668e-02 5.421800244710641347e-04 7.756445453826368137e-05 -2.017886607427823127e-05 -2.282925108411289691e-05
4.000000000000000222e-01 1.676919332028413076e-02 2.603934380596001352e-03 1.011008370354935827e-02 4.829883085849383684e-04 8.473976207953791916e-05 -2.153573980909468495e-05 -2.731932737642945300e-05
5.999999999999999778e-01 6.971365334961922115e-03 2.564069460649387542e-03 9.201043031868732375e-03 3.195496099295184848e-04 1.393070943400488442e-05 -3.306186934716964467e-05 -4.107141629391801180e-05
8.000000000000000444e-01 3.556748057779409496e-03 3.022865095672999051e-03 9.428943424523978864e-03 2.896616134672724547e-04 -6.508152949940159587e-05 -4.974291525776342401e-05 -4.586479893324403812e-05
1.000000000000000000e+00 2.013254171709620826e-03 3.769086224700209879e-03 1.058572801341191132e-02 4.218868041468036220e-04 -1.034880191257424081e-04 -3.218393649954043225e-05 -1.755508557893763736e-05
1.199999999999999956e+00 1.212253764734812743e-03 4.518156753447330302e-03 1.214770610127522722e-02 6.391217507924700598e-04 -8.300778709831156286e-05 3.131423691804627622e-05 3.061063511979079807e-05
1.399999999999999911e+00 7.607356990854776714e-04 5.066811986469639539e-03 1.374931724837804257e-02 8.563697006094868206e-04 -1.230869390116058580e-05 1.326094315881034484e-04 8.039193066974680392e-05
1.600000000000000089e+00 4.919998588913917278e-04 5.315887797014085848e-03 1.523702938994480130e-02 1.039542203713629152e-03 8.598502739497558133e-05 2.606888808755882057e-04 1.237936443154613619e-04
1.800000000000000044e+00 3.257138730753403127e-04 5.235486385097112318e-03 1.656922094295112599e-02 1.172897006515239522e-03 1.896105478503051832e-04 3.964865407065912479e-04 1.550235956670257512e-04
2.000000000000000000e+00 2.197437790264691469e-04 4.836831667235653651e-03 1.774438860268789248e-02 1.253278597993975332e-03 2.787810132445931659e-04 5.212501132848266269e-04 1.724031955937769698e-04
2.200000000000000178e+00 1.506170089818998845e-04 4.153027672889365862e-03 1.877595464440550907e-02 1.285835739371932098e-03 3.428508976228097525e-04 6.207732318753414382e-04 1.738269647847040576e-04
2.399999999999999911e+00 1.046483291797224935e-04 3.226426839314561115e-03 1.967913287551072490e-02 1.278334086966279991e-03 3.816935786794213364e-04 6.904601732954957372e-04 1.619966567924840863e-04
2.600000000000000089e+00 7.357611228418761890e-05 2.105763477707182051e-03 2.047043004949960013e-02 1.236446240189060250e-03 3.955030877111215259e-04 7.259453598337214974e-04 1.372975514685614460e-04
2.799999999999999822e+00 5.227495688409118391e-05 8.349576465170947381e-04 2.115917380598529227e-02 1.166724098348688845e-03 3.870156402488879170e-04 7.315235254224322159e-04 1.038862258239330272e-04
3.000000000000000000e+00 3.749089520801360254e-05 -5.460490943938246279e-04 2.175495206499893780e-02 1.078344731199884238e-03 3.626907924151028125e-04 7.109006936336483354e-04 6.428263620173847259e-05
3.200000000000000178e+00 2.711694072784653190e-05 -2.000559792425286691e-03 2.226305212743208764e-02 9.765889684525681617e-04 3.232320102943252453e-04 6.717815748300172288e-04 1.843333324443036989e-05
3.399999999999999911e+00 1.976557666804481289e-05 -3.498115492210472025e-03 2.269124034086584391e-02 8.649717803881930549e-04 2.719706260616649258e-04 6.184998070851377644e-04 -3.122044495219390079e-05
3.600000000000000089e+00 1.450950500537977315e-05 -5.013008215909537865e-03 2.304538134845747835e-02 7.483242535300664881e-04 2.124042808481383326e-04 5.530238670266632815e-04 -8.323769297685305456e-05
3.799999999999999822e+00 1.072084815476435988e-05 -6.524900108779375409e-03 2.333037357338940340e-02 6.291599666209567914e-04 1.468665705472905916e-04 4.772357064419548004e-04 -1.373221724102972180e-04
4.000000000000000000e+00 7.969491085888437030e-06 -8.017583490024370041e-03 2.355107036617758165e-02 5.101484162884446696e-04 7.647623903289206277e-05 3.934930101955142682e-04 -1.919409082053101468e-04
4.200000000000000178e+00 5.928105835718221400e-06 nan nan nan nan nan nan
4.400000000000000355e+00 4.412505149073614405e-06 nan nan nan nan nan nan
4.600000000000000533e+00 3.286535317671226918e-06 nan nan nan nan nan nan
4.800000000000000711e+00 2.449485920389083071e-06 nan nan nan nan nan nan
5.000000000000000888e+00 1.826815953468241487e-06 nan nan nan nan nan nan
5.200000000000001066e+00 1.363318597905030300e-06 nan nan nan nan nan nan
5.400000000000001243e+00 1.018080265138041307e-06 nan nan nan nan nan nan
5.600000000000001421e+00 7.607606179564402282e-07 nan nan nan nan nan nan
5.800000000000001599e+00 5.688457038267271770e-07 nan nan nan nan nan nan
6.000000000000001776e+00 4.256183802720195177e-07 nan nan nan nan nan nan
6.200000000000001954e+00 3.186577879505445973e-07 nan nan nan nan nan nan
6.400000000000002132e+00 2.387292693520907540e-07 nan nan nan nan nan nan
6.600000000000002309e+00 1.789626204258856352e-07 nan nan nan nan nan nan
6.800000000000002487e+00 1.342433997557102335e-07 nan nan nan nan nan nan
7.000000000000002665e+00 1.007617700068548246e-07 nan nan nan nan nan nan
7.200000000000002842e+00 7.567788956288463320e-08 nan nan nan nan nan nan
7.400000000000003020e+00 5.687358773237929639e-08 nan nan nan nan nan nan
7.600000000000003197e+00 4.276795685029895617e-08 nan nan nan nan nan nan
7.800000000000003375e+00 3.218032234033581761e-08 nan nan nan nan nan nan
8.000000000000003553e+00 2.422835351094379686e-08 nan nan nan nan nan nan
8.200000000000002842e+00 1.825225507177026511e-08 nan nan nan nan nan nan
8.400000000000003908e+00 1.375832746716468841e-08 nan nan nan nan nan nan
8.600000000000004974e+00 1.037692055461468632e-08 nan nan nan nan nan nan
8.800000000000004263e+00 7.831090042544075726e-09 nan nan nan nan nan nan
9.000000000000003553e+00 5.913217453224911261e-09 nan nan nan nan nan nan
9.200000000000004619e+00 4.467559210354075306e-09 nan nan nan nan nan nan
9.400000000000005684e+00 3.377212970811261480e-09 nan nan nan nan nan nan
9.600000000000004974e+00 2.554376925723235727e-09 nan nan nan nan nan nan
9.800000000000004263e+00 1.933065501849688799e-09 nan nan nan nan nan nan
1.000000000000000533e+01 1.463658581975058086e-09 nan nan nan nan nan nan
1.020000000000000639e+01 1.108820174711851589e-09 nan nan nan nan nan nan
1.040000000000000568e+01 8.404405664105140460e-10 nan nan nan nan nan nan
1.060000000000000497e+01 6.373438712896044223e-10 nan nan nan nan nan nan
1.080000000000000604e+01 4.835683336753426714e-10 nan nan nan nan nan nan
1.100000000000000711e+01 3.670754916766587653e-10 nan nan nan nan nan nan
1.120000000000000639e+01 2.787806604496081142e-10 nan nan nan nan nan nan
1.140000000000000568e+01 2.118243095006712004e-10 nan nan nan nan nan nan
1.160000000000000675e+01 1.610241499724730656e-10 nan nan nan nan nan nan
1.180000000000000782e+01 1.224628669770342256e-10 nan nan nan nan nan nan
1.200000000000000711e+01 9.317773212801247249e-11 nan nan nan nan nan nan
1.220000000000000639e+01 7.092678241109245142e-11 nan nan nan nan nan nan
1.240000000000000568e+01 5.401257569164417688e-11 nan nan nan nan nan nan
1.260000000000000853e+01 4.114926867078646480e-11 nan nan nan nan nan nan
1.280000000000000782e+01 3.136231122400032737e-11 nan nan nan nan nan nan
1.300000000000000711e+01 2.391271114937170226e-11 nan nan nan nan nan nan
1.320000000000000639e+01 1.823981889065205320e-11 nan nan nan nan nan nan
1.340000000000000924e+01 1.391807971418198276e-11 nan nan nan nan nan nan
1.360000000000000853e+01 1.062432587864261410e-11 nan nan nan nan nan nan
1.380000000000000782e+01 8.113026858242093069e-12 nan nan nan nan nan nan
1.400000000000000711e+01 6.197551497064152273e-12 nan nan nan nan nan nan
1.420000000000000995e+01 4.735974377761890397e-12 nan nan nan nan nan nan
1.440000000000000924e+01 3.620318863434245386e-12 nan nan nan nan nan nan
1.460000000000000853e+01 2.768400593308489053e-12 nan nan nan nan nan nan
1.480000000000000782e+01 2.117639718226546427e-12 nan nan nan nan nan nan
1.500000000000001066e+01 1.620364393069997241e-12 nan nan nan nan nan nan
1.520000000000000995e+01 1.240244424801065591e-12 nan nan nan nan nan nan
1.540000000000000924e+01 9.495818443019105485e-13 nan nan nan nan nan nan
1.560000000000000853e+01 7.272515493161951141e-13 nan nan nan nan nan nan
1.580000000000001137e+01 5.571353377699975493e-13 nan nan nan nan nan nan
1.600000000000001066e+01 4.269305931019150658e-13 nan nan nan nan nan nan
1.620000000000000995e+01 3.272435922050836775e-13 nan nan nan nan nan nan
1.640000000000000924e+01 2.508991405125430993e-13 nan nan nan nan nan nan
1.660000000000001208e+01 1.924147007640486393e-13 nan nan nan nan nan nan
1.680000000000001137e+01 1.475996572056371326e-13 nan nan nan nan nan nan
1.700000000000001066e+01 1.132498156520015392e-13 nan nan nan nan nan nan
1.720000000000000995e+01 8.691441492351113714e-14 nan nan nan nan nan nan
1.740000000000001279e+01 6.671837061795082825e-14 nan nan nan nan nan nan
1.760000000000001208e+01 5.122660690837666954e-14 nan nan nan nan nan nan
1.780000000000001137e+01 3.934047303189174950e-14 nan nan nan nan nan nan
1.800000000000001066e+01 3.021862829087541043e-14 nan nan nan nan nan nan
1.820000000000001350e+01 2.321659445942626031e-14 nan nan nan nan nan nan
1.840000000000001279e+01 1.784055518620489019e-14 nan nan nan nan nan nan
1.860000000000001208e+01 1.371203271867662192e-14 nan nan nan nan nan nan
1.880000000000001137e+01 1.054087223994613108e-14 nan nan nan nan nan nan
1.900000000000001421e+01 8.104573410367850622e-15 nan nan nan nan nan nan
1.920000000000001350e+01 6.232472975214624143e-15 nan nan nan nan nan nan
1.940000000000001279e+01 4.793636200523589291e-15 nan nan nan nan nan nan
1.960000000000001208e+01 3.687584774852052872e-15 nan nan nan nan nan nan
1.980000000000001492e+01 2.837194693762817414e-15 nan nan nan nan nan nan
