2.000000000000000111e-01 5.610503258786899705e-01 2.331660451745158624e-02 3.252335946413607848e-02 5.892278951365193147e-03 1.643347533199840263e-03 2.263580486329110292e-04 1.165856180498200316e-04
4.000000000000000222e-01 1.537315034262921598e-01 1.265258968550512370e-02 2.846703489850367988e-02 6.413349242755036171e-03 2.155639409195042426e-03 3.258469104430163576e-04 1.064167843323493860e-04
5.999999999999999778e-01 6.265459634397131661e-02 9.093919862766657383e-03 2.659820906046446443e-02 6.730212791112528091e-03 2.330167718131647206e-03 3.572958565949693136e-04 1.035781897876883624e-04
8.000000000000000444e-01 1.932161861806791850e-02 1.155072762680595111e-02 3.948803345166240764e-02 1.110714580834097284e-02 4.144515149435441977e-03 6.506182180487211659e-04 1.588810820033204876e-04
1.000000000000000000e+00 7.084302150646286031e-03 1.303213655860917947e-02 5.253957092501445464e-02 1.611735638865828199e-02 6.602592874208313388e-03 1.123074066474251181e-03 2.475224954303046026e-04
1.199999999999999956e+00 3.336529979339471035e-03 1.101718064974557473e-02 5.592513360266082589e-02 1.834301031762330600e-02 8.145428113515989707e-03 1.527801379698151682e-03 3.607475152118073741e-04
1.399999999999999911e+00 1.615426877298982693e-03 8.931547648629327082e-03 5.974488458535136270e-02 2.045856747368356848e-02 9.693355566704385529e-03 1.962774826313167225e-03 5.373162053542969658e-04
1.600000000000000089e+00 8.295086078361538738e-04 6.153981577852354716e-03 6.180418657526536713e-02 2.178585980805899242e-02 1.086611487379414952e-02 2.328000983962756967e-03 7.353312413001316609e-04
1.800000000000000044e+00 4.501733542894001188e-04 2.818845745777522581e-03 6.198158321197430598e-02 2.227958730234424686e-02 1.159643761791922037e-02 2.592365499060149663e-03 9.151742518001996585e-04
2.000000000000000000e+00 2.558984468471739633e-04 -8.516603175844834114e-04 6.068240415264915949e-02 2.208736042734398691e-02 1.193705544288303777e-02 2.756249023790090669e-03 1.052498609663092381e-03
2.200000000000000178e+00 1.564639886018820208e-04 -4.498772062510906881e-03 5.631430261878809379e-02 2.067757933904462719e-02 1.158203582656717676e-02 2.746310984778869632e-03 1.106086195747743150e-03
2.399999999999999911e+00 9.745740983445494606e-05 -7.992906742882928059e-03 5.234880386686453085e-02 1.928600515604067880e-02 1.118683253849406777e-02 2.712357346484384896e-03 1.135944505460291087e-03
2.600000000000000089e+00 6.204165106791992496e-05 -1.126760951566029706e-02 4.848073984724382557e-02 1.784996230980967491e-02 1.071899897161179838e-02 2.652413324920933207e-03 1.146351641277554810e-03
2.799999999999999822e+00 4.036819635660615619e-05 -1.425294226324470490e-02 4.464548920438247276e-02 1.637966657285011562e-02 1.018379995012703119e-02 2.570387279127242953e-03 1.142375671182237120e-03
3.000000000000000000e+00 2.680941441670054803e-05 -1.690792396696213021e-02 4.087283750742650573e-02 1.491034817525627165e-02 9.603415465420372943e-03 2.471440382617959980e-03 1.131257765086584027e-03
3.200000000000000178e+00 1.853989066606919747e-05 -1.879052675021431959e-02 3.640859079835279122e-02 1.319534391767156548e-02 8.821947864112417159e-03 2.312273195088304558e-03 1.096174546721926301e-03
3.399999999999999911e+00 1.296446565693944176e-05 -2.039406298588758784e-02 3.246289198846344370e-02 1.166802410823378038e-02 8.109782337308706415e-03 2.160196372905974840e-03 1.066811183026353162e-03
3.600000000000000089e+00 9.178706629929472236e-06 -2.171350936702766063e-02 2.889569059110745977e-02 1.028399971885147340e-02 7.445380536442487360e-03 2.009036117422570000e-03 1.040713432260976547e-03
3.799999999999999822e+00 6.582513190275983521e-06 -2.275710544357397586e-02 2.563582907069326261e-02 9.020470305850228007e-03 6.819229714717738554e-03 1.857811757502944713e-03 1.014235587453131112e-03
4.000000000000000000e+00 4.778972589296276765e-06 -2.356197478273272181e-02 2.266053730084358411e-02 7.870932248278977861e-03 6.230997095967029734e-03 1.708681699075510459e-03 9.869249190682834183e-04
4.200000000000000178e+00 3.559412880973163240e-06 nan nan nan nan nan nan
4.400000000000000355e+00 2.667532091971445067e-06 nan nan nan nan nan nan
4.600000000000000533e+00 2.013704553217189185e-06 nan nan nan nan nan nan
4.800000000000000711e+00 1.532029481231041165e-06 nan nan nan nan nan nan
5.000000000000000888e+00 1.175034720146401310e-06 nan nan nan nan nan nan
5.200000000000001066e+00 9.212124804546634878e-07 nan nan nan nan nan nan
5.400000000000001243e+00 7.263598774343580497e-07 nan nan nan nan nan nan
5.600000000000001421e+00 5.762495379194437852e-07 nan nan nan nan nan nan
5.800000000000001599e+00 4.599940940547385047e-07 nan nan nan nan nan nan
6.000000000000001776e+00 3.693106896614341857e-07 nan nan nan nan nan nan
6.200000000000001954e+00 3.018458189203683617e-07 nan nan nan nan nan nan
6.400000000000002132e+00 2.476940855794494803e-07 nan nan nan nan nan nan
6.600000000000002309e+00 2.040866354921580045e-07 nan nan nan nan nan nan
6.800000000000002487e+00 1.688363383163424527e-07 nan nan nan nan nan nan
7.000000000000002665e+00 1.402333755577519452e-07 nan nan nan nan nan nan
7.200000000000002842e+00 1.179961021919617064e-07 nan nan nan nan nan nan
7.400000000000003020e+00 9.953902794757360824e-08 nan nan nan nan nan nan
7.600000000000003197e+00 8.418436862196768335e-08 nan nan nan nan nan nan
7.800000000000003375e+00 7.137506505186229187e-08 nan nan nan nan nan nan
8.000000000000003553e+00 6.065960900513005470e-08 nan nan nan nan nan nan
8.200000000000002842e+00 5.209151448366357328e-08 nan nan nan nan nan nan
8.400000000000003908e+00 4.478691117398380731e-08 nan nan nan nan nan nan
8.600000000000004974e+00 3.856121933645547989e-08 nan nan nan nan nan nan
8.800000000000004263e+00 3.325405283345806427e-08 nan nan nan nan nan nan
9.000000000000003553e+00 2.872695704772054182e-08 nan nan nan nan nan nan
9.200000000000004619e+00 2.501933411066857141e-08 nan nan nan nan nan nan
9.400000000000005684e+00 2.180808223786175950e-08 nan nan nan nan nan nan
9.600000000000004974e+00 1.902732979291551386e-08 nan nan nan nan nan nan
9.800000000000004263e+00 1.661888649927884079e-08 nan nan nan nan nan nan
1.000000000000000533e+01 1.453189667249848714e-08 nan nan nan nan nan nan
1.020000000000000639e+01 1.279036540515643852e-08 nan nan nan nan nan nan
1.040000000000000568e+01 1.126511174979180229e-08 nan nan nan nan nan nan
1.060000000000000497e+01 9.929072005205506053e-09 nan nan nan nan nan nan
1.080000000000000604e+01 8.758408575947514415e-09 nan nan nan nan nan nan
1.100000000000000711e+01 7.732455156257869176e-09 nan nan nan nan nan nan
1.120000000000000639e+01 6.865626039559954119e-09 nan nan nan nan nan nan
1.140000000000000568e+01 6.098290514936541970e-09 nan nan nan nan nan nan
1.160000000000000675e+01 5.419272132678796929e-09 nan nan nan nan nan nan
1.180000000000000782e+01 4.818613169726170572e-09 nan nan nan nan nan nan
1.200000000000000711e+01 4.287565668035806961e-09 nan nan nan nan nan nan
1.220000000000000639e+01 3.833041188769951366e-09 nan nan nan nan nan nan
1.240000000000000568e+01 3.428200961715192446e-09 nan nan nan nan nan nan
1.260000000000000853e+01 3.067492375114556713e-09 nan nan nan nan nan nan
1.280000000000000782e+01 2.745996842663383242e-09 nan nan nan nan nan nan
1.300000000000000711e+01 2.459428283994237469e-09 nan nan nan nan nan nan
1.320000000000000639e+01 2.212084617506157553e-09 nan nan nan nan nan nan
1.340000000000000924e+01 1.990278891567936665e-09 nan nan nan nan nan nan
1.360000000000000853e+01 1.791290697333086512e-09 nan nan nan nan nan nan
1.380000000000000782e+01 1.612688768899963359e-09 nan nan nan nan nan nan
1.400000000000000711e+01 1.452330715433803777e-09 nan nan nan nan nan nan
1.420000000000000995e+01 1.313054892480863340e-09 nan nan nan nan nan nan
1.440000000000000924e+01 1.187367303081817268e-09 nan nan nan nan nan nan
1.460000000000000853e+01 1.073969022911446567e-09 nan nan nan nan nan nan
1.480000000000000782e+01 9.716632748919759429e-10 nan nan nan nan nan nan
1.500000000000001066e+01 8.793553800007605376e-10 nan nan nan nan nan nan
1.520000000000000995e+01 7.985932082116474679e-10 nan nan nan nan nan nan
1.540000000000000924e+01 7.253421679570086938e-10 nan nan nan nan nan nan
1.560000000000000853e+01 6.589016765927023404e-10 nan nan nan nan nan nan
1.580000000000001137e+01 5.986397086305491048e-10 nan nan nan nan nan nan
1.600000000000001066e+01 5.439927863183959244e-10 nan nan nan nan nan nan
1.620000000000000995e+01 4.958890849924029548e-10 nan nan nan nan nan nan
1.640000000000000924e+01 4.522100523391652857e-10 nan nan nan nan nan nan
1.660000000000001208e+01 4.123912870432785389e-10 nan nan nan nan nan nan
1.680000000000001137e+01 3.760462710010346307e-10 nan nan nan nan nan nan
1.700000000000001066e+01 3.429663674392252885e-10 nan nan nan nan nan nan
1.720000000000000995e+01 3.137177898485488722e-10 nan nan nan nan nan nan
1.740000000000001279e+01 2.869599744251540923e-10 nan nan nan nan nan nan
1.760000000000001208e+01 2.625118880088802599e-10 nan nan nan nan nan nan
1.780000000000001137e+01 2.401749672529693967e-10 nan nan nan nan nan nan
1.800000000000001066e+01 2.197331182326467222e-10 nan nan nan nan nan nan
1.820000000000001350e+01 2.015787122182994226e-10 nan nan nan nan nan nan
1.840000000000001279e+01 1.849212011457293537e-10 nan nan nan nan nan nan
1.860000000000001208e+01 1.696404064398675437e-10 nan nan nan nan nan nan
1.880000000000001137e+01 1.556307134480426642e-10 nan nan nan nan nan nan
1.900000000000001421e+01 1.428010713552909964e-10 nan nan nan nan nan nan
1.920000000000001350e+01 1.313604587700691860e-10 nan nan nan nan nan nan
1.940000000000001279e+01 1.208255727954721051e-10 nan nan nan nan nan nan
1.960000000000001208e+01 1.111299878590970217e-10 nan nan nan nan nan nan
1.980000000000001492e+01 1.022159498449558235e-10 nan nan nan nan nan nan
