2.000000000000000111e-01 nan nan nan nan nan nan nan
4.000000000000000222e-01 nan nan nan nan nan nan nan
5.999999999999999778e-01 3.781651078549786327e+00 2.454585800432065520e-02 6.995394068173058089e-02 2.470512727845468326e-02 1.361395041206537454e-02 4.956668561153397198e-03 1.540550946335251387e-03
8.000000000000000444e-01 1.553328609971367014e+00 2.414991388009713261e-02 8.222777934720625070e-02 3.112621339332776599e-02 1.793365511472905238e-02 6.619543226949087429e-03 2.026742528146036667e-03
1.000000000000000000e+00 7.205163858482425132e-01 2.160179628337906971e-02 9.334955209956208311e-02 3.792275516480990427e-02 2.326873863908266934e-02 8.972712569740347657e-03 2.766667084823282077e-03
1.199999999999999956e+00 3.598924743677523463e-01 1.718164252357752206e-02 1.028297963196015408e-01 4.451188629825349186e-02 2.914691141930006099e-02 1.195129100324542407e-02 3.843198788663227099e-03
1.399999999999999911e+00 1.890461566175977159e-01 1.146419502348762151e-02 1.104998813454652340e-01 5.044406622056325784e-02 3.502203977322466966e-02 1.526891185239823145e-02 5.188151574289595266e-03
1.600000000000000089e+00 1.030985877540661483e-01 5.010649351082962881e-03 1.164964935336871149e-01 5.551992142560315674e-02 4.051208359266286751e-02 1.862925209789173184e-02 6.659800893391561692e-03
1.800000000000000044e+00 5.792800061167509285e-02 -1.820534075421651951e-03 1.211244275272400223e-01 5.976999053199817669e-02 4.547572410144087862e-02 2.185752471495616342e-02 8.138928447362882984e-03
2.000000000000000000e+00 3.336118126323316113e-02 -8.871939581977818928e-03 1.246884952238816319e-01 6.332352615016186015e-02 4.993043642772052038e-02 2.489787333074445011e-02 9.571030934189334732e-03
2.200000000000000178e+00 1.961992937811416621e-02 -1.609427070649456851e-02 1.274254296693736466e-01 6.630613699968165853e-02 5.394683061422475556e-02 2.775887807195945994e-02 1.095062413409394163e-02
2.399999999999999911e+00 1.174999890094960940e-02 -2.346585119591588706e-02 1.295006533886392253e-01 6.879992671323342801e-02 5.758406891308755909e-02 3.045766937740402788e-02 1.228760225908090767e-02
2.600000000000000089e+00 7.150283316064748491e-03 -3.095387910678208329e-02 1.310292256093765484e-01 7.085003100932638076e-02 6.087750551539339999e-02 3.299799660676744351e-02 1.358680650774918112e-02
2.799999999999999822e+00 4.413894828779301935e-03 -3.851260778821448405e-02 1.320943421296243148e-01 7.248120551662468047e-02 6.384207317721293795e-02 3.537049694284150059e-02 1.484435591788009837e-02
3.000000000000000000e+00 2.760316717377432703e-03 -4.609010635547230311e-02 1.327619261281766938e-01 7.370915018563413412e-02 6.648247217662862918e-02 3.755947926381052876e-02 1.605269746035512674e-02
3.200000000000000178e+00 1.746939932362005614e-03 -5.363481704417139700e-02 1.330872439267760388e-01 7.454683474975420943e-02 6.880174861158798449e-02 3.954795595687009280e-02 1.720474425600036772e-02
3.399999999999999911e+00 1.117928373670728495e-03 -6.109891257491787547e-02 1.331202390323712459e-01 7.500636309740958685e-02 7.080351997030762123e-02 4.132015628574109423e-02 1.829385146989792252e-02
3.600000000000000089e+00 7.228866458277296778e-04 -6.843850765725566221e-02 1.329048594220264556e-01 7.509993699780886933e-02 7.249325333007099192e-02 4.286287979408288928e-02 1.931414581648930109e-02
3.799999999999999822e+00 4.720675748216279647e-04 -7.561506951482613315e-02 1.324826040471186184e-01 7.484029425514757139e-02 7.387918695070209985e-02 4.416569322569213751e-02 2.026127988639720573e-02
4.000000000000000000e+00 3.111835395232405693e-04 -8.259388853790146368e-02 1.318895539142515561e-01 7.424035265256806460e-02 7.497078576928568883e-02 4.522131422390385236e-02 2.113221890015254747e-02
4.200000000000000178e+00 2.051556842943620565e-04 nan nan nan nan nan nan
4.400000000000000355e+00 1.352710815414428277e-04 nan nan nan nan nan nan
4.600000000000000533e+00 8.920327853306863188e-05 nan nan nan nan nan nan
4.800000000000000711e+00 5.883165875714470598e-05 nan nan nan nan nan nan
5.000000000000000888e+00 3.880572212604993445e-05 nan nan nan nan nan nan
5.200000000000001066e+00 2.559969673565953670e-05 nan nan nan nan nan nan
5.400000000000001243e+00 1.688994447600746050e-05 nan nan nan nan nan nan
5.600000000000001421e+00 1.114489416116443462e-05 nan nan nan nan nan nan
5.800000000000001599e+00 7.354920363714051261e-06 nan nan nan nan nan nan
6.000000000000001776e+00 4.854385636934185483e-06 nan nan nan nan nan nan
6.200000000000001954e+00 3.204385955706418444e-06 nan nan nan nan nan nan
6.400000000000002132e+00 2.115483212320261880e-06 nan nan nan nan nan nan
6.600000000000002309e+00 1.396781699354983157e-06 nan nan nan nan nan nan
6.800000000000002487e+00 9.223625234426289802e-07 nan nan nan nan nan nan
7.000000000000002665e+00 6.091565103488769122e-07 nan nan nan nan nan nan
7.200000000000002842e+00 4.023557648937106010e-07 nan nan nan nan nan nan
7.400000000000003020e+00 2.657942797731486560e-07 nan nan nan nan nan nan
7.600000000000003197e+00 1.756042657903869014e-07 nan nan nan nan nan nan
7.800000000000003375e+00 1.160321894217433561e-07 nan nan nan nan nan nan
8.000000000000003553e+00 7.667889921669293048e-08 nan nan nan nan nan nan
8.200000000000002842e+00 5.067889897274683166e-08 nan nan nan nan nan nan
8.400000000000003908e+00 3.349903923842515366e-08 nan nan nan nan nan nan
8.600000000000004974e+00 2.214579981932277131e-08 nan nan nan nan nan nan
8.800000000000004263e+00 1.464212747052770595e-08 nan nan nan nan nan nan
9.000000000000003553e+00 9.682126388921405481e-09 nan nan nan nan nan nan
9.200000000000004619e+00 6.403110791058917155e-09 nan nan nan nan nan nan
9.400000000000005684e+00 4.235112409977613651e-09 nan nan nan nan nan nan
9.600000000000004974e+00 2.801511922637436068e-09 nan nan nan nan nan nan
9.800000000000004263e+00 1.853418800999994593e-09 nan nan nan nan nan nan
1.000000000000000533e+01 1.226332268991601924e-09 nan nan nan nan nan nan
1.020000000000000639e+01 8.115143354862054929e-10 nan nan nan nan nan nan
1.040000000000000568e+01 5.370783264094415800e-10 nan nan nan nan nan nan
1.060000000000000497e+01 3.554940938978949220e-10 nan nan nan nan nan nan
1.080000000000000604e+01 2.353316955763766649e-10 nan nan nan nan nan nan
1.100000000000000711e+01 1.558050988739374913e-10 nan nan nan nan nan nan
1.120000000000000639e+01 1.031658716594411591e-10 nan nan nan nan nan nan
1.140000000000000568e+01 6.831931666159368049e-11 nan nan nan nan nan nan
1.160000000000000675e+01 4.524847874896194766e-11 nan nan nan nan nan nan
1.180000000000000782e+01 2.997211481712944389e-11 nan nan nan nan nan nan
1.200000000000000711e+01 1.985562923994639378e-11 nan nan nan nan nan nan
1.220000000000000639e+01 1.315535913225951325e-11 nan nan nan nan nan nan
1.240000000000000568e+01 8.717149035711059679e-12 nan nan nan nan nan nan
1.260000000000000853e+01 5.776953374803556586e-12 nan nan nan nan nan nan
1.280000000000000782e+01 3.828915658907104786e-12 nan nan nan nan nan nan
1.300000000000000711e+01 2.538079372340359541e-12 nan nan nan nan nan nan
1.320000000000000639e+01 1.682623591719860284e-12 nan nan nan nan nan nan
1.340000000000000924e+01 1.115632182348939342e-12 nan nan nan nan nan nan
1.360000000000000853e+01 7.397880094257861665e-13 nan nan nan nan nan nan
1.380000000000000782e+01 4.906204455494075649e-13 nan nan nan nan nan nan
1.400000000000000711e+01 3.254138262756772546e-13 nan nan nan nan nan nan
1.420000000000000995e+01 2.158630286746767967e-13 nan nan nan nan nan nan
1.440000000000000924e+01 1.432096673485663252e-13 nan nan nan nan nan nan
1.460000000000000853e+01 9.502067423286715787e-14 nan nan nan nan nan nan
1.480000000000000782e+01 6.305441139011529630e-14 nan nan nan nan nan nan
1.500000000000001066e+01 4.184700037213581420e-14 nan nan nan nan nan nan
1.520000000000000995e+01 2.777567157488463706e-14 nan nan nan nan nan nan
1.540000000000000924e+01 1.843809591801254100e-14 nan nan nan nan nan nan
1.560000000000000853e+01 1.224105143503608499e-14 nan nan nan nan nan nan
1.580000000000001137e+01 8.127788796631650415e-15 nan nan nan nan nan nan
1.600000000000001066e+01 5.397305632780648047e-15 nan nan nan nan nan nan
1.620000000000000995e+01 3.584531541042356239e-15 nan nan nan nan nan nan
1.640000000000000924e+01 2.380885278711980634e-15 nan nan nan nan nan nan
1.660000000000001208e+01 1.581594244189789515e-15 nan nan nan nan nan nan
1.680000000000001137e+01 1.050756525456066101e-15 nan nan nan nan nan nan
1.700000000000001066e+01 6.981671308172149199e-16 nan nan nan nan nan nan
1.720000000000000995e+01 4.639453769298384739e-16 nan nan nan nan nan nan
1.740000000000001279e+01 3.083360600746447468e-16 nan nan nan nan nan nan
1.760000000000001208e+01 2.049423268370678041e-16 nan nan nan nan nan nan
1.780000000000001137e+01 1.362350149565479451e-16 nan nan nan nan nan nan
1.800000000000001066e+01 9.057230488696514605e-17 nan nan nan nan nan nan
1.820000000000001350e+01 6.022149695060027240e-17 nan nan nan nan nan nan
1.840000000000001279e+01 4.004580038656777423e-17 nan nan nan nan nan nan
1.860000000000001208e+01 2.663247732064670315e-17 nan nan nan nan nan nan
1.880000000000001137e+01 1.771393958404820923e-17 nan nan nan nan nan nan
1.900000000000001421e+01 1.178331819383861043e-17 nan nan nan nan nan nan
1.920000000000001350e+01 7.839145947719926795e-18 nan nan nan nan nan nan
1.940000000000001279e+01 5.215770054736741339e-18 nan nan nan nan nan nan
1.960000000000001208e+01 3.470695447933954046e-18 nan nan nan nan nan nan
1.980000000000001492e+01 2.309738419125373528e-18 nan nan nan nan nan nan
