2.000000000000000111e-01 nan nan nan nan nan nan nan
4.000000000000000222e-01 nan nan nan nan nan nan nan
5.999999999999999778e-01 7.311163472723884726e-02 1.548063730182120030e-04 1.855003079146496465e-03 3.097562703744175232e-04 4.179744087523245291e-05 -4.328960522352544557e-06 2.694790090029115766e-06
8.000000000000000444e-01 3.967524941366554203e-02 1.524810110727504021e-04 1.742897830033367755e-03 2.106829123291758426e-04 2.037192505650040671e-05 -8.759350746264631934e-06 3.157467455688812324e-06
1.000000000000000000e+00 2.391605318141868178e-02 1.903331526921743294e-04 1.829185978236947058e-03 1.432088282894616784e-04 1.142917172884349968e-06 -1.233344762257966837e-05 3.735927655636287060e-06
1.199999999999999956e+00 1.527798495078980072e-02 2.559179828354921733e-04 2.039431509769640966e-03 1.177864871303329654e-04 -8.019502263228714455e-06 -1.422588059113411669e-05 3.954753096795264756e-06
1.399999999999999911e+00 1.010446830167805073e-02 3.295488888075458287e-04 2.295486636835853810e-03 1.259908677185611256e-04 -7.145900002049151056e-06 -1.524259903743138813e-05 3.421686398453721026e-06
1.600000000000000089e+00 6.834954722884342519e-03 3.969069002965966973e-04 2.547601102607965993e-03 1.559274170779126388e-04 -8.169906124561463089e-07 -1.509379410865410471e-05 2.478858450484127126e-06
1.800000000000000044e+00 4.697259836580256961e-03 4.483301479899996344e-04 2.770274704500054301e-03 1.981910121310385649e-04 5.283844307761763012e-06 -1.542073487100967098e-05 -3.397812642410594574e-07
2.000000000000000000e+00 3.267375190297188044e-03 4.804918491723051094e-04 2.953577845844952438e-03 2.463389403053119382e-04 1.114053364501091515e-05 -1.834453474221179668e-05 -5.922133823830918141e-06
2.200000000000000178e+00 2.295226230454599017e-03 4.919256688776868979e-04 3.097784824558122430e-03 2.986747501374838339e-04 1.897762016579307990e-05 -2.397244899114940535e-05 -1.361731728783920951e-05
2.399999999999999911e+00 1.625976327608739730e-03 4.818287402258841236e-04 3.207446423928522142e-03 3.546443018270298828e-04 2.912508914437698265e-05 -3.154382603671206022e-05 -2.374312095226354787e-05
2.600000000000000089e+00 1.160534128225313355e-03 4.500649395241412853e-04 3.287666130831428443e-03 4.129961673525765677e-04 4.085180546982289862e-05 -4.134757120078167000e-05 -3.581760904646211398e-05
2.799999999999999822e+00 8.340039389124790595e-04 3.995818657669885721e-04 3.342975284226337544e-03 4.737549198652982489e-04 5.303129380481660406e-05 -5.256631315715300500e-05 -4.904114433063376879e-05
3.000000000000000000e+00 6.031523147470225273e-04 3.321085630637952545e-04 3.377546993071342540e-03 5.374430080334024725e-04 6.467224576440319293e-05 -6.497200506103356990e-05 -6.212668458562583922e-05
3.200000000000000178e+00 4.387926663764401625e-04 2.506753685748517452e-04 3.394441008965653084e-03 6.046185292807064113e-04 7.518351949662051411e-05 -7.864183298899633735e-05 -7.448320062943129306e-05
3.399999999999999911e+00 3.210101275268635178e-04 1.573801920060636237e-04 3.397034239612343586e-03 6.763549352334679221e-04 8.457038139515474153e-05 -9.287535601069800732e-05 -8.452502320193369569e-05
3.600000000000000089e+00 2.360897175395579447e-04 5.374799946317824757e-05 3.387133681736094297e-03 7.526501276560905581e-04 9.304225724285136376e-05 -1.071757444646349747e-04 -9.211021779442111286e-05
3.799999999999999822e+00 1.745098196786006484e-04 -5.749982556313696280e-05 3.366856444627263929e-03 8.333331606654832083e-04 1.005185461195209321e-04 -1.220488657077160248e-04 -9.674246876200753940e-05
4.000000000000000000e+00 1.296110489672623633e-04 -1.744742771478994213e-04 3.338032581511422674e-03 9.190582638142894738e-04 1.071155278589024828e-04 -1.366443543857322413e-04 -9.846619333432519528e-05
4.200000000000000178e+00 9.627056290686381967e-05 nan nan nan nan nan nan
4.400000000000000355e+00 7.151124712401457076e-05 nan nan nan nan nan nan
4.600000000000000533e+00 5.312324209734043822e-05 nan nan nan nan nan nan
4.800000000000000711e+00 3.946609842144500983e-05 nan nan nan nan nan nan
5.000000000000000888e+00 2.932197655055341371e-05 nan nan nan nan nan nan
5.200000000000001066e+00 2.178671418602023363e-05 nan nan nan nan nan nan
5.400000000000001243e+00 1.618898784968382981e-05 nan nan nan nan nan nan
5.600000000000001421e+00 1.203031904548065413e-05 nan nan nan nan nan nan
5.800000000000001599e+00 8.940547166297538521e-06 nan nan nan nan nan nan
6.000000000000001776e+00 6.644779531370794463e-06 nan nan nan nan nan nan
6.200000000000001954e+00 4.938858617420199037e-06 nan nan nan nan nan nan
6.400000000000002132e+00 3.671150330401376436e-06 nan nan nan nan nan nan
6.600000000000002309e+00 2.729023753505010066e-06 nan nan nan nan nan nan
6.800000000000002487e+00 2.028813140628312710e-06 nan nan nan nan nan nan
7.000000000000002665e+00 1.508364776810925152e-06 nan nan nan nan nan nan
7.200000000000002842e+00 1.121502710626232065e-06 nan nan nan nan nan nan
7.400000000000003020e+00 8.339190533526937706e-07 nan nan nan nan nan nan
7.600000000000003197e+00 6.201219444727704679e-07 nan nan nan nan nan nan
7.800000000000003375e+00 4.611688316825469715e-07 nan nan nan nan nan nan
8.000000000000003553e+00 3.429828839752136960e-07 nan nan nan nan nan nan
8.200000000000002842e+00 2.551024375937898960e-07 nan nan nan nan nan nan
8.400000000000003908e+00 1.897520324868597424e-07 nan nan nan nan nan nan
8.600000000000004974e+00 1.411522929966163115e-07 nan nan nan nan nan nan
8.800000000000004263e+00 1.050072093241451481e-07 nan nan nan nan nan nan
9.000000000000003553e+00 7.812319171764474256e-08 nan nan nan nan nan nan
9.200000000000004619e+00 5.812601160875135007e-08 nan nan nan nan nan nan
9.400000000000005684e+00 4.325046266110395631e-08 nan nan nan nan nan nan
9.600000000000004974e+00 3.218404886409189397e-08 nan nan nan nan nan nan
9.800000000000004263e+00 2.395081457235327241e-08 nan nan nan nan nan nan
1.000000000000000533e+01 1.782500191640419401e-08 nan nan nan nan nan nan
1.020000000000000639e+01 1.326687286495646503e-08 nan nan nan nan nan nan
1.040000000000000568e+01 9.875002904306839951e-09 nan nan nan nan nan nan
1.060000000000000497e+01 7.350816396398079397e-09 nan nan nan nan nan nan
1.080000000000000604e+01 5.472220548827553496e-09 nan nan nan nan nan nan
1.100000000000000711e+01 4.074002375018430542e-09 nan nan nan nan nan nan
1.120000000000000639e+01 3.033252919978260685e-09 nan nan nan nan nan nan
1.140000000000000568e+01 2.258528755230373101e-09 nan nan nan nan nan nan
1.160000000000000675e+01 1.681791948255545407e-09 nan nan nan nan nan nan
1.180000000000000782e+01 1.252415830431306383e-09 nan nan nan nan nan nan
1.200000000000000711e+01 9.327267925429243407e-10 nan nan nan nan nan nan
1.220000000000000639e+01 6.946882735469358395e-10 nan nan nan nan nan nan
1.240000000000000568e+01 5.174341443418277916e-10 nan nan nan nan nan nan
1.260000000000000853e+01 3.854337893342044035e-10 nan nan nan nan nan nan
1.280000000000000782e+01 2.871270156535606337e-10 nan nan nan nan nan nan
1.300000000000000711e+01 2.139084222598483671e-10 nan nan nan nan nan nan
1.320000000000000639e+01 1.593717165681038415e-10 nan nan nan nan nan nan
1.340000000000000924e+01 1.187474075209617226e-10 nan nan nan nan nan nan
1.360000000000000853e+01 8.848436230587556944e-11 nan nan nan nan nan nan
1.380000000000000782e+01 6.593839864022556723e-11 nan nan nan nan nan nan
1.400000000000000711e+01 4.914051769942295368e-11 nan nan nan nan nan nan
1.420000000000000995e+01 3.662439831858078478e-11 nan nan nan nan nan nan
1.440000000000000924e+01 2.729799101112988868e-11 nan nan nan nan nan nan
1.460000000000000853e+01 2.034793150372038150e-11 nan nan nan nan nan nan
1.480000000000000782e+01 1.516838054074933058e-11 nan nan nan nan nan nan
1.500000000000001066e+01 1.130804443477782462e-11 nan nan nan nan nan nan
1.520000000000000995e+01 8.430728671204712795e-12 nan nan nan nan nan nan
1.540000000000000924e+01 6.285965688641312605e-12 nan nan nan nan nan nan
1.560000000000000853e+01 4.687142512884000015e-12 nan nan nan nan nan nan
1.580000000000001137e+01 3.495212136327034899e-12 nan nan nan nan nan nan
1.600000000000001066e+01 2.606562356512706685e-12 nan nan nan nan nan nan
1.620000000000000995e+01 1.943980322135699871e-12 nan nan nan nan nan nan
1.640000000000000924e+01 1.449922346786799835e-12 nan nan nan nan nan nan
1.660000000000001208e+01 1.081500493656067006e-12 nan nan nan nan nan nan
1.680000000000001137e+01 8.067477548150974936e-13 nan nan nan nan nan nan
1.700000000000001066e+01 6.018355504048108466e-13 nan nan nan nan nan nan
1.720000000000000995e+01 4.490005807341784070e-13 nan nan nan nan nan nan
1.740000000000001279e+01 3.350000887392238794e-13 nan nan nan nan nan nan
1.760000000000001208e+01 2.499607719868327271e-13 nan nan nan nan nan nan
1.780000000000001137e+01 1.865209714236872765e-13 nan nan nan nan nan nan
1.800000000000001066e+01 1.391913719428572546e-13 nan nan nan nan nan nan
1.820000000000001350e+01 1.038785206599831305e-13 nan nan nan nan nan nan
1.840000000000001279e+01 7.752967226885992189e-14 nan nan nan nan nan nan
1.860000000000001208e+01 5.786804996528555865e-14 nan nan nan nan nan nan
1.880000000000001137e+01 4.319549056504058062e-14 nan nan nan nan nan nan
1.900000000000001421e+01 3.224531256844687614e-14 nan nan nan nan nan nan
1.920000000000001350e+01 2.407261903589020237e-14 nan nan nan nan nan nan
1.940000000000001279e+01 1.797250522904347767e-14 nan nan nan nan nan nan
1.960000000000001208e+01 1.341906850501062519e-14 nan nan nan nan nan nan
1.980000000000001492e+01 1.001992677474186823e-14 nan nan nan nan nan nan
