2.000000000000000111e-01 7.565757731269716402e+00 1.689654801124070363e-02 4.307204693213937535e-02 1.018296130109576196e-02 3.222826272510560808e-03 6.787537111717700583e-04 8.629874704159560899e-05
4.000000000000000222e-01 1.332171486173206576e+00 1.862094249579536454e-02 6.237875525690680933e-02 1.697232010755217804e-02 6.484658063086026769e-03 1.843548672481486487e-03 4.055456075448694961e-04
5.999999999999999778e-01 3.971049213493170749e-01 2.012226165314981094e-02 8.187863551853813426e-02 2.391839803792889657e-02 9.403403753552596472e-03 2.766279690746606575e-03 6.436120321400559197e-04
8.000000000000000444e-01 1.472155109296103825e-01 1.883075140594607857e-02 1.019981992228304185e-01 3.292753508812422403e-02 1.378307685088465614e-02 4.101095207402453632e-03 9.369642134096140733e-04
1.000000000000000000e+00 6.139298466215060979e-02 1.459671944132038233e-02 1.199247734488724931e-01 4.269664387841848319e-02 1.963232989378731197e-02 6.246905800197473033e-03 1.479009513599256320e-03
1.199999999999999956e+00 2.759637602933295505e-02 8.312713146584507773e-03 1.345277064829363822e-01 5.184529147170010427e-02 2.588154083719152940e-02 8.952584675886141735e-03 2.307909493102816741e-03
1.399999999999999911e+00 1.309380579390059980e-02 8.237160465737416613e-04 1.459767187510650210e-01 5.979594093779273117e-02 3.173141870026945782e-02 1.175446389853788097e-02 3.246222415075842617e-03
1.600000000000000089e+00 6.480912050483073582e-03 -7.472425357015775003e-03 1.548873710347620780e-01 6.655403979988396002e-02 3.694098974520023532e-02 1.440742502393793992e-02 4.149037633274160058e-03
1.800000000000000044e+00 3.320775202628010059e-03 -1.647309177262001531e-02 1.618285457663534155e-01 7.229427467541289787e-02 4.153450152529600259e-02 1.685795851301758949e-02 4.968544873581341899e-03
2.000000000000000000e+00 1.751922758928186946e-03 -2.615048488852921710e-02 1.672043736489293719e-01 7.716065516657370782e-02 4.557100587772792283e-02 1.911554232201937917e-02 5.704408131206428756e-03
2.200000000000000178e+00 9.478234162950549416e-04 -3.645526010302674313e-02 1.712942871565643344e-01 8.123640825092802442e-02 4.908406884187710428e-02 2.118753116179686313e-02 6.364642390180677047e-03
2.399999999999999911e+00 5.242989457899116393e-04 -4.730740144239099082e-02 1.743116550645314455e-01 8.456771700938943426e-02 5.208691725817053003e-02 2.306705446221321565e-02 6.950457796307084671e-03
2.600000000000000089e+00 2.958550750716524322e-04 -5.861301673505309867e-02 1.764367067015674417e-01 8.718940519510036402e-02 5.459165422623753899e-02 2.474599039772581652e-02 7.458939266569600095e-03
2.799999999999999822e+00 1.700026943670785817e-04 -7.027490551623058468e-02 1.778266291277247058e-01 8.913749753092045647e-02 5.662033308118029351e-02 2.622351358071165969e-02 7.888464033739528078e-03
3.000000000000000000e+00 9.933386274166114448e-05 -8.219186473103816393e-02 1.786177024988858386e-01 9.044931791064400595e-02 5.820496802801167213e-02 2.750316405182260185e-02 8.238496950988976469e-03
3.200000000000000178e+00 5.895408393592357855e-05 -9.425630374817961510e-02 1.789278436995271615e-01 9.116794282728234167e-02 5.938385847397221334e-02 2.859680820710489707e-02 8.510048200950155045e-03
3.399999999999999911e+00 3.550671674382248458e-05 -1.063554423001892707e-01 1.788568205356896590e-01 9.134544485968462690e-02 6.020101491087449103e-02 2.952272594257449381e-02 8.708771803673551887e-03
3.600000000000000089e+00 2.168542793372451422e-05 -1.183752419017571195e-01 1.784939235345385233e-01 9.104202571573365155e-02 6.071018215007580043e-02 3.030540306769846648e-02 8.845820654611365880e-03
3.799999999999999822e+00 1.342225956533376653e-05 -1.302160413562908625e-01 1.779209798807750709e-01 9.032575129661180036e-02 6.096903250302471849e-02 3.097124095106050870e-02 8.933092512358485615e-03
4.000000000000000000e+00 8.415038645520463848e-06 -1.417871817779379484e-01 1.772075769012246560e-01 8.925847992194989311e-02 6.103362188043358338e-02 3.154558143747220739e-02 8.978456690029668064e-03
4.200000000000000178e+00 5.278782724235603676e-06 nan nan nan nan nan nan
4.400000000000000355e+00 3.313309690437464461e-06 nan nan nan nan nan nan
4.600000000000000533e+00 2.080866418867626648e-06 nan nan nan nan nan nan
4.800000000000000711e+00 1.307626219903470447e-06 nan nan nan nan nan nan
5.000000000000000888e+00 8.222115358841872648e-07 nan nan nan nan nan nan
5.200000000000001066e+00 5.173057045242109547e-07 nan nan nan nan nan nan
5.400000000000001243e+00 3.256701073199619792e-07 nan nan nan nan nan nan
5.600000000000001421e+00 2.051533251026363836e-07 nan nan nan nan nan nan
5.800000000000001599e+00 1.293160074140059781e-07 nan nan nan nan nan nan
6.000000000000001776e+00 8.156465915186282647e-08 nan nan nan nan nan nan
6.200000000000001954e+00 5.147906254444883047e-08 nan nan nan nan nan nan
6.400000000000002132e+00 3.251178786197164564e-08 nan nan nan nan nan nan
6.600000000000002309e+00 2.054638100042309279e-08 nan nan nan nan nan nan
6.800000000000002487e+00 1.299321446335567205e-08 nan nan nan nan nan nan
7.000000000000002665e+00 8.222181449438312808e-09 nan nan nan nan nan nan
7.200000000000002842e+00 5.206536824477503006e-09 nan nan nan nan nan nan
7.400000000000003020e+00 3.299167626327829983e-09 nan nan nan nan nan nan
7.600000000000003197e+00 2.091969398968303923e-09 nan nan nan nan nan nan
7.800000000000003375e+00 1.327405388047359523e-09 nan nan nan nan nan nan
8.000000000000003553e+00 8.428508974732059209e-10 nan nan nan nan nan nan
8.200000000000002842e+00 5.355478841007158777e-10 nan nan nan nan nan nan
8.400000000000003908e+00 3.405238245280850419e-10 nan nan nan nan nan nan
8.600000000000004974e+00 2.166703129035960348e-10 nan nan nan nan nan nan
8.800000000000004263e+00 1.379605472530680180e-10 nan nan nan nan nan nan
9.000000000000003553e+00 8.790522115688040996e-11 nan nan nan nan nan nan
9.200000000000004619e+00 5.605045808038308782e-11 nan nan nan nan nan nan
9.400000000000005684e+00 3.576421136085587707e-11 nan nan nan nan nan nan
9.600000000000004974e+00 2.283616516781914742e-11 nan nan nan nan nan nan
9.800000000000004263e+00 1.459158816352565890e-11 nan nan nan nan nan nan
1.000000000000000533e+01 9.330102802845677001e-12 nan nan nan nan nan nan
1.020000000000000639e+01 5.969997728984290011e-12 nan nan nan nan nan nan
1.040000000000000568e+01 3.822653645891398502e-12 nan nan nan nan nan nan
1.060000000000000497e+01 2.449388874051727581e-12 nan nan nan nan nan nan
1.080000000000000604e+01 1.570548241130680087e-12 nan nan nan nan nan nan
1.100000000000000711e+01 1.007729797295721480e-12 nan nan nan nan nan nan
1.120000000000000639e+01 6.470450506011923091e-13 nan nan nan nan nan nan
1.140000000000000568e+01 4.157388905690305277e-13 nan nan nan nan nan nan
1.160000000000000675e+01 2.673008950781860401e-13 nan nan nan nan nan nan
1.180000000000000782e+01 1.719774548962693099e-13 nan nan nan nan nan nan
1.200000000000000711e+01 1.107213809154131000e-13 nan nan nan nan nan nan
1.220000000000000639e+01 7.133089706895664788e-14 nan nan nan nan nan nan
1.240000000000000568e+01 4.598405463476422189e-14 nan nan nan nan nan nan
1.260000000000000853e+01 2.966314699766757631e-14 nan nan nan nan nan nan
1.280000000000000782e+01 1.914716195509141927e-14 nan nan nan nan nan nan
1.300000000000000711e+01 1.236703278377589023e-14 nan nan nan nan nan nan
1.320000000000000639e+01 7.992765561091477336e-15 nan nan nan nan nan nan
1.340000000000000924e+01 5.168868843644391568e-15 nan nan nan nan nan nan
1.360000000000000853e+01 3.344699577028936615e-15 nan nan nan nan nan nan
1.380000000000000782e+01 2.165599085613229794e-15 nan nan nan nan nan nan
1.400000000000000711e+01 1.402989486637925544e-15 nan nan nan nan nan nan
1.420000000000000995e+01 9.094569882088068478e-16 nan nan nan nan nan nan
1.440000000000000924e+01 5.898712038121415698e-16 nan nan nan nan nan nan
1.460000000000000853e+01 3.828029954647455016e-16 nan nan nan nan nan nan
1.480000000000000782e+01 2.485606141372608192e-16 nan nan nan nan nan nan
1.500000000000001066e+01 1.614818995971896171e-16 nan nan nan nan nan nan
1.520000000000000995e+01 1.049652602442289803e-16 nan nan nan nan nan nan
1.540000000000000924e+01 6.826422093482061241e-17 nan nan nan nan nan nan
1.560000000000000853e+01 4.441831587760520326e-17 nan nan nan nan nan nan
1.580000000000001137e+01 2.891665154579455361e-17 nan nan nan nan nan nan
1.600000000000001066e+01 1.883416763004928922e-17 nan nan nan nan nan nan
1.620000000000000995e+01 1.227306196411353555e-17 nan nan nan nan nan nan
1.640000000000000924e+01 8.001345815607829253e-18 nan nan nan nan nan nan
1.660000000000001208e+01 5.218820231599447343e-18 nan nan nan nan nan nan
1.680000000000001137e+01 3.405464816933553557e-18 nan nan nan nan nan nan
1.700000000000001066e+01 2.223160553320678090e-18 nan nan nan nan nan nan
1.720000000000000995e+01 1.451948670760123888e-18 nan nan nan nan nan nan
1.740000000000001279e+01 9.486660873570592304e-19 nan nan nan nan nan nan
1.760000000000001208e+01 6.200873579418260313e-19 nan nan nan nan nan nan
1.780000000000001137e+01 4.054763473814676096e-19 nan nan nan nan nan nan
1.800000000000001066e+01 2.652449529323541656e-19 nan nan nan nan nan nan
1.820000000000001350e+01 1.735775480056406872e-19 nan nan nan nan nan nan
1.840000000000001279e+01 1.136320144834573727e-19 nan nan nan nan nan nan
1.860000000000001208e+01 7.441570149967458570e-20 nan nan nan nan nan nan
1.880000000000001137e+01 4.875074041735960431e-20 nan nan nan nan nan nan
1.900000000000001421e+01 3.194822430272072899e-20 nan nan nan nan nan nan
1.920000000000001350e+01 2.094388700919221811e-20 nan nan nan nan nan nan
1.940000000000001279e+01 1.373438288638269680e-20 nan nan nan nan nan nan
1.960000000000001208e+01 9.009457484940638655e-21 nan nan nan nan nan nan
1.980000000000001492e+01 5.911832922374824419e-21 nan nan nan nan nan nan
