2.000000000000000111e-01 nan nan nan nan nan nan nan
4.000000000000000222e-01 nan nan nan nan nan nan nan
5.999999999999999778e-01 5.666868085847651115e-02 5.043302995784533982e-04 3.629387945140119792e-03 3.255538168894878213e-04 3.118710939825947197e-05 -5.937720412635870869e-06 -5.456109605969963535e-08
8.000000000000000444e-01 3.073272489831888749e-02 5.178300514258992859e-04 3.437558713696062165e-03 2.109028896291536637e-04 -1.237018131802202238e-06 -9.794320510037526572e-06 -5.813131401661552175e-07
1.000000000000000000e+00 1.853393120749790082e-02 6.380738541680554743e-04 3.567655508784947204e-03 1.690648766558297360e-04 -2.284281806597308908e-05 -1.066702328917851621e-05 -2.062232860971123389e-06
1.199999999999999956e+00 1.186299189015026408e-02 8.184931762411565411e-04 3.915114870955366776e-03 1.951561137193593548e-04 -2.050635714315530343e-05 -3.660260229317691530e-06 -4.045949850922540721e-06
1.399999999999999911e+00 7.872904429196123099e-03 1.009870328176819222e-03 4.373396762361125498e-03 2.580146238574133606e-04 6.238511571117517362e-07 1.182256072003029913e-05 -4.116094846733907048e-06
1.600000000000000089e+00 5.350649195496723701e-03 1.175751269289409401e-03 4.877088918725090705e-03 3.358485664583963303e-04 3.260360343489372757e-05 3.304233341785692204e-05 -1.395569261613287867e-06
1.800000000000000044e+00 3.698398932007406024e-03 1.291601383224969197e-03 5.389231926699297563e-03 4.145990142374206830e-04 6.812775522875969111e-05 5.585487683979904245e-05 3.215045891887955495e-06
2.000000000000000000e+00 2.589493391856957909e-03 1.344156211183140850e-03 5.889746986382403231e-03 4.891993689003241910e-04 1.036409867293940784e-04 7.732882240344965072e-05 9.098029152966732939e-06
2.200000000000000178e+00 1.832103518621760194e-03 1.327470746725945699e-03 6.368646842303213665e-03 5.575991466188009614e-04 1.381272047449170798e-04 9.590675227097097966e-05 1.486455321694694013e-05
2.399999999999999911e+00 1.307796894817684534e-03 1.240113152740202366e-03 6.821008861157921814e-03 6.205631442424868523e-04 1.710594118963681314e-04 1.104812014153741539e-04 1.978830715238537503e-05
2.600000000000000089e+00 9.408592988320517133e-04 1.083724964729959215e-03 7.245348785398527010e-03 6.792574221373568139e-04 2.012069556948883778e-04 1.200145221898567374e-04 2.406666508757907873e-05
2.799999999999999822e+00 6.816679839454545774e-04 8.623728614751845125e-04 7.642513960292909511e-03 7.350091405374856298e-04 2.277387551198794744e-04 1.245693689669021898e-04 2.744988019667771119e-05
3.000000000000000000e+00 4.970899221261001252e-04 5.821004079469609344e-04 8.013503324037517250e-03 7.881077506065352822e-04 2.495181668793088254e-04 1.247594104271543963e-04 2.898143139640900850e-05
3.200000000000000178e+00 3.646795083152139997e-04 2.497618559937197905e-04 8.359540844713977958e-03 8.379673644200843954e-04 2.664920419140900465e-04 1.220986457338305107e-04 2.856557011642804741e-05
3.399999999999999911e+00 2.690516212222586077e-04 -1.282894102469409015e-04 8.681339886548133239e-03 8.843790109904880580e-04 2.791043599181293878e-04 1.172381580139352745e-04 2.625630849151646486e-05
3.600000000000000089e+00 1.995555570986546387e-04 -5.458753951110636863e-04 8.980259175292536547e-03 9.271326136367753984e-04 2.870800023098873575e-04 1.106158680637817283e-04 2.190015063177745781e-05
3.799999999999999822e+00 1.487542283373245993e-04 -9.974643084596284889e-04 9.257549226667959041e-03 9.661770795171455021e-04 2.904566295672076368e-04 1.027089080592939974e-04 1.583364879393003093e-05
4.000000000000000000e+00 1.114134501178255115e-04 -1.477448129855335598e-03 9.513986420255780146e-03 1.001361802707887230e-03 2.897645155084671033e-04 9.404109090212289530e-05 8.470951959233447137e-06
4.200000000000000178e+00 8.345383197946224082e-05 nan nan nan nan nan nan
4.400000000000000355e+00 6.251659805862541859e-05 nan nan nan nan nan nan
4.600000000000000533e+00 4.683654254108266749e-05 nan nan nan nan nan nan
4.800000000000000711e+00 3.509254002390943544e-05 nan nan nan nan nan nan
5.000000000000000888e+00 2.629573519505665332e-05 nan nan nan nan nan nan
5.200000000000001066e+00 1.970590693848750478e-05 nan nan nan nan nan nan
5.400000000000001243e+00 1.476890159754382049e-05 nan nan nan nan nan nan
5.600000000000001421e+00 1.106982344836003624e-05 nan nan nan nan nan nan
5.800000000000001599e+00 8.298010766450835286e-06 nan nan nan nan nan nan
6.000000000000001776e+00 6.220827729440815335e-06 nan nan nan nan nan nan
6.200000000000001954e+00 4.664051330145362929e-06 nan nan nan nan nan nan
6.400000000000002132e+00 3.497192382660901959e-06 nan nan nan nan nan nan
6.600000000000002309e+00 2.622508335849107905e-06 nan nan nan nan nan nan
6.800000000000002487e+00 1.966778639517237360e-06 nan nan nan nan nan nan
7.000000000000002665e+00 1.475147498274754831e-06 nan nan nan nan nan nan
7.200000000000002842e+00 1.106513920240092341e-06 nan nan nan nan nan nan
7.400000000000003020e+00 8.300799136766886734e-07 nan nan nan nan nan nan
7.600000000000003197e+00 6.227656350961522741e-07 nan nan nan nan nan nan
7.800000000000003375e+00 4.672735682034445559e-07 nan nan nan nan nan nan
8.000000000000003553e+00 3.506386350547462210e-07 nan nan nan nan nan nan
8.200000000000002842e+00 2.631421601327949265e-07 nan nan nan nan nan nan
8.400000000000003908e+00 1.974983026501927305e-07 nan nan nan nan nan nan
8.600000000000004974e+00 1.482445431419995397e-07 nan nan nan nan nan nan
8.800000000000004263e+00 1.112850024714020793e-07 nan nan nan nan nan nan
9.000000000000003553e+00 8.354823965014348198e-08 nan nan nan nan nan nan
9.200000000000004619e+00 6.273080767515580991e-08 nan nan nan nan nan nan
9.400000000000005684e+00 4.710505806097026789e-08 nan nan nan nan nan nan
9.600000000000004974e+00 3.537508402576575404e-08 nan nan nan nan nan nan
9.800000000000004263e+00 2.656873513128186425e-08 nan nan nan nan nan nan
1.000000000000000533e+01 1.995666363109884106e-08 nan nan nan nan nan nan
1.020000000000000639e+01 1.499163007710227651e-08 nan nan nan nan nan nan
1.040000000000000568e+01 1.126299389284249653e-08 nan nan nan nan nan nan
1.060000000000000497e+01 8.462586626052830927e-09 nan nan nan nan nan nan
1.080000000000000604e+01 6.359118472402246925e-09 nan nan nan nan nan nan
1.100000000000000711e+01 4.778982546758565756e-09 nan nan nan nan nan nan
1.120000000000000639e+01 3.591856259396148980e-09 nan nan nan nan nan nan
1.140000000000000568e+01 2.699899953707591152e-09 nan nan nan nan nan nan
1.160000000000000675e+01 2.029653317914939292e-09 nan nan nan nan nan nan
1.180000000000000782e+01 1.525955188577403046e-09 nan nan nan nan nan nan
1.200000000000000711e+01 1.147381087101219491e-09 nan nan nan nan nan nan
1.220000000000000639e+01 8.628193055887284613e-10 nan nan nan nan nan nan
1.240000000000000568e+01 6.489011729589616843e-10 nan nan nan nan nan nan
1.260000000000000853e+01 4.880722185188558911e-10 nan nan nan nan nan nan
1.280000000000000782e+01 3.671442512921141705e-10 nan nan nan nan nan nan
1.300000000000000711e+01 2.762083428208331980e-10 nan nan nan nan nan nan
1.320000000000000639e+01 2.078186761863979884e-10 nan nan nan nan nan nan
1.340000000000000924e+01 1.563797058578423995e-10 nan nan nan nan nan nan
1.360000000000000853e+01 1.176859363981948880e-10 nan nan nan nan nan nan
1.380000000000000782e+01 8.857627833746843157e-11 nan nan nan nan nan nan
1.400000000000000711e+01 6.667443016039021644e-11 nan nan nan nan nan nan
1.420000000000000995e+01 5.019385621008555449e-11 nan nan nan nan nan nan
1.440000000000000924e+01 3.779127361281465422e-11 nan nan nan nan nan nan
1.460000000000000853e+01 2.845657118813236793e-11 nan nan nan nan nan nan
1.480000000000000782e+01 2.143009277838698473e-11 nan nan nan nan nan nan
1.500000000000001066e+01 1.614047630787377290e-11 nan nan nan nan nan nan
1.520000000000000995e+01 1.215793553441319706e-11 nan nan nan nan nan nan
1.540000000000000924e+01 9.159144440923086455e-12 nan nan nan nan nan nan
1.560000000000000853e+01 6.900839980968118916e-12 nan nan nan nan nan nan
1.580000000000001137e+01 5.199976558724863459e-12 nan nan nan nan nan nan
1.600000000000001066e+01 3.918804558367923891e-12 nan nan nan nan nan nan
1.620000000000000995e+01 2.953649992789087786e-12 nan nan nan nan nan nan
1.640000000000000924e+01 2.226476353808795069e-12 nan nan nan nan nan nan
1.660000000000001208e+01 1.678538112910982300e-12 nan nan nan nan nan nan
1.680000000000001137e+01 1.265606882463996715e-12 nan nan nan nan nan nan
1.700000000000001066e+01 9.543801456799623165e-13 nan nan nan nan nan nan
1.720000000000000995e+01 7.197793180191348350e-13 nan nan nan nan nan nan
1.740000000000001279e+01 5.429166867487988137e-13 nan nan nan nan nan nan
1.760000000000001208e+01 4.095654765093682411e-13 nan nan nan nan nan nan
1.780000000000001137e+01 3.090084038276694327e-13 nan nan nan nan nan nan
1.800000000000001066e+01 2.331709900742542436e-13 nan nan nan nan nan nan
1.820000000000001350e+01 1.759691374784771617e-13 nan nan nan nan nan nan
1.840000000000001279e+01 1.328179424645449278e-13 nan nan nan nan nan nan
1.860000000000001208e+01 1.002618567445487206e-13 nan nan nan nan nan nan
1.880000000000001137e+01 7.569618528926649105e-14 nan nan nan nan nan nan
1.900000000000001421e+01 5.715734006586813629e-14 nan nan nan nan nan nan
1.920000000000001350e+01 4.316485696155746270e-14 nan nan nan nan nan nan
1.940000000000001279e+01 3.260238734713653798e-14 nan nan nan nan nan nan
1.960000000000001208e+01 2.462803860777931513e-14 nan nan nan nan nan nan
1.980000000000001492e+01 1.860681778931295825e-14 nan nan nan nan nan nan
