2.000000000000000111e-01 nan nan nan nan nan nan nan
4.000000000000000222e-01 6.499607999713020723e-01 3.516532981282918802e-02 9.644030223952508585e-02 2.905742347645567589e-02 1.182791773739677067e-02 4.781550594910598945e-03 1.423244481134608658e-03
5.999999999999999778e-01 2.004948380310784817e-01 3.524995624983441600e-02 1.228992469920129615e-01 4.015461351216679381e-02 1.688193208007844962e-02 7.098225418188268410e-03 2.220336574296532476e-03
8.000000000000000444e-01 7.775288076665611003e-02 3.091249380065528782e-02 1.477364467539772908e-01 5.313030533121473192e-02 2.350360926782850413e-02 1.015496626581512997e-02 3.177656229841908583e-03
1.000000000000000000e+00 3.423886219827245586e-02 2.256393998480039909e-02 1.687507910972888270e-01 6.626847205573743738e-02 3.143431938644436485e-02 1.440495144906541077e-02 4.624968200437086334e-03
1.199999999999999956e+00 1.636561215837947433e-02 1.161215050933796407e-02 1.851511981835631815e-01 7.799427274921427733e-02 3.953956160869567110e-02 1.943447482521748482e-02 6.589997095471854596e-03
1.399999999999999911e+00 8.297128475140441717e-03 -6.627250111112905663e-04 1.971738190252987633e-01 8.760993207325697141e-02 4.688426854058830306e-02 2.453843797641849095e-02 8.807964011820466205e-03
1.600000000000000089e+00 4.403473153473520980e-03 -1.346116216914628599e-02 2.055459973266139106e-01 9.508106109788055926e-02 5.306223066280699174e-02 2.922439156307658770e-02 1.098917167121717803e-02
1.800000000000000044e+00 2.426202191996242388e-03 -2.643221479693130815e-02 2.110738037728451255e-01 1.006626295818811023e-01 5.805331840276409250e-02 3.330206170250898934e-02 1.297280584661384892e-02
2.000000000000000000e+00 1.379779214235513259e-03 -3.946407234287782617e-02 2.144362458204220889e-01 1.046619530544833226e-01 6.199736170403939706e-02 3.675390744008248667e-02 1.470927366447477048e-02
2.200000000000000178e+00 8.064603280512666530e-04 -5.253480425442163398e-02 2.161498371402729712e-01 1.073461015698319310e-01 6.505925231486307803e-02 3.963098725007691697e-02 1.620279476476933420e-02
2.399999999999999911e+00 4.828529917721461023e-04 -6.563707834989998546e-02 2.165954327043245753e-01 1.089284091048597358e-01 6.738248654918670144e-02 4.199222251221303159e-02 1.747291752872671619e-02
2.600000000000000089e+00 2.953782847945671101e-04 -7.874943612106466428e-02 2.160575486165209613e-01 1.095864480512151046e-01 6.909426674558845349e-02 4.389599487010069356e-02 1.854165319658527059e-02
2.799999999999999822e+00 1.842327616753138789e-04 -9.183552877930174774e-02 2.147550520710254096e-01 1.094729044427359965e-01 7.030699446105967421e-02 4.539716935776779566e-02 1.943244353370394278e-02
3.000000000000000000e+00 1.169601387490022421e-04 -1.048547498610248041e-01 2.128700553361907444e-01 1.087309459291574132e-01 7.112504453935139526e-02 4.655134580698735980e-02 2.017456539545222152e-02
3.200000000000000178e+00 7.546944056395100812e-05 -1.177573162170895277e-01 2.105542204878695922e-01 1.074942533585983712e-01 7.164046623066568087e-02 4.741900861746785323e-02 2.079858679453173986e-02
3.399999999999999911e+00 4.943515835527999649e-05 -1.304879253380493154e-01 2.079346673515892197e-01 1.058827466186952337e-01 7.193172200581914033e-02 4.805484312444851386e-02 2.133065293979025806e-02
3.600000000000000089e+00 3.283744365666174621e-05 -1.429872738586907555e-01 2.051159982149561023e-01 1.040014023885994648e-01 7.206936296087453064e-02 4.850872576434676897e-02 2.179667853147871162e-02
3.799999999999999822e+00 2.209863109788341904e-05 -1.552017668585930765e-01 2.021837016727920655e-01 1.019428345124308299e-01 7.211363436071717425e-02 4.882799633282294827e-02 2.221733101757992698e-02
4.000000000000000000e+00 1.505429241745317865e-05 -1.670876553218051674e-01 1.992075910351329970e-01 9.978121218483852750e-02 7.211063044736890082e-02 4.905396149671661238e-02 2.260927805613161326e-02
4.200000000000000178e+00 1.026437261096248766e-05 nan nan nan nan nan nan
4.400000000000000355e+00 7.004547748047585049e-06 nan nan nan nan nan nan
4.600000000000000533e+00 4.784119336551613598e-06 nan nan nan nan nan nan
4.800000000000000711e+00 3.270368849477461496e-06 nan nan nan nan nan nan
5.000000000000000888e+00 2.237499458732820835e-06 nan nan nan nan nan nan
5.200000000000001066e+00 1.532142867642284839e-06 nan nan nan nan nan nan
5.400000000000001243e+00 1.050036450832338392e-06 nan nan nan nan nan nan
5.600000000000001421e+00 7.202395036121608156e-07 nan nan nan nan nan nan
5.800000000000001599e+00 4.944422903537143623e-07 nan nan nan nan nan nan
6.000000000000001776e+00 3.397183736941795536e-07 nan nan nan nan nan nan
6.200000000000001954e+00 2.336069965768076730e-07 nan nan nan nan nan nan
6.400000000000002132e+00 1.607735646893984887e-07 nan nan nan nan nan nan
6.600000000000002309e+00 1.107398664735445304e-07 nan nan nan nan nan nan
6.800000000000002487e+00 7.634005134261906375e-08 nan nan nan nan nan nan
7.000000000000002665e+00 5.266941524318451236e-08 nan nan nan nan nan nan
7.200000000000002842e+00 3.636809874364140244e-08 nan nan nan nan nan nan
7.400000000000003020e+00 2.513258484812285750e-08 nan nan nan nan nan nan
7.600000000000003197e+00 1.738227160680259799e-08 nan nan nan nan nan nan
7.800000000000003375e+00 1.203170072448297484e-08 nan nan nan nan nan nan
8.000000000000003553e+00 8.334832314815000980e-09 nan nan nan nan nan nan
8.200000000000002842e+00 5.778488474099294920e-09 nan nan nan nan nan nan
8.400000000000003908e+00 4.009380672622523968e-09 nan nan nan nan nan nan
8.600000000000004974e+00 2.784094954395567852e-09 nan nan nan nan nan nan
8.800000000000004263e+00 1.934784009892105961e-09 nan nan nan nan nan nan
9.000000000000003553e+00 1.345614160294907250e-09 nan nan nan nan nan nan
9.200000000000004619e+00 9.365825646415665486e-10 nan nan nan nan nan nan
9.400000000000005684e+00 6.523892963956987672e-10 nan nan nan nan nan nan
9.600000000000004974e+00 4.547791338406415190e-10 nan nan nan nan nan nan
9.800000000000004263e+00 3.172669352887850643e-10 nan nan nan nan nan nan
1.000000000000000533e+01 2.215017904155854371e-10 nan nan nan nan nan nan
1.020000000000000639e+01 1.547587831308538393e-10 nan nan nan nan nan nan
1.040000000000000568e+01 1.082072679848316208e-10 nan nan nan nan nan nan
1.060000000000000497e+01 7.571431061521178993e-11 nan nan nan nan nan nan
1.080000000000000604e+01 5.301725186419313003e-11 nan nan nan nan nan nan
1.100000000000000711e+01 3.715107376052075844e-11 nan nan nan nan nan nan
1.120000000000000639e+01 2.605179184240263230e-11 nan nan nan nan nan nan
1.140000000000000568e+01 1.828154889845765022e-11 nan nan nan nan nan nan
1.160000000000000675e+01 1.283791703778270290e-11 nan nan nan nan nan nan
1.180000000000000782e+01 9.021511279379384086e-12 nan nan nan nan nan nan
1.200000000000000711e+01 6.344013431476534303e-12 nan nan nan nan nan nan
1.220000000000000639e+01 4.464222300239203276e-12 nan nan nan nan nan nan
1.240000000000000568e+01 3.143556397876456447e-12 nan nan nan nan nan nan
1.260000000000000853e+01 2.215068592212213047e-12 nan nan nan nan nan nan
1.280000000000000782e+01 1.561853477084505484e-12 nan nan nan nan nan nan
1.300000000000000711e+01 1.101988973719202553e-12 nan nan nan nan nan nan
1.320000000000000639e+01 7.780270268851085349e-13 nan nan nan nan nan nan
1.340000000000000924e+01 5.496537290124325381e-13 nan nan nan nan nan nan
1.360000000000000853e+01 3.885592804651667044e-13 nan nan nan nan nan nan
1.380000000000000782e+01 2.748498646188967054e-13 nan nan nan nan nan nan
1.400000000000000711e+01 1.945361853600570148e-13 nan nan nan nan nan nan
1.420000000000000995e+01 1.377743465636479479e-13 nan nan nan nan nan nan
1.440000000000000924e+01 9.763282783900361672e-14 nan nan nan nan nan nan
1.460000000000000853e+01 6.922761204408345291e-14 nan nan nan nan nan nan
1.480000000000000782e+01 4.911512163513811549e-14 nan nan nan nan nan nan
1.500000000000001066e+01 3.486582057428404533e-14 nan nan nan nan nan nan
1.520000000000000995e+01 2.476451050454640623e-14 nan nan nan nan nan nan
1.540000000000000924e+01 1.759953473137083099e-14 nan nan nan nan nan nan
1.560000000000000853e+01 1.251441623900667130e-14 nan nan nan nan nan nan
1.580000000000001137e+01 8.903368842296757054e-15 nan nan nan nan nan nan
1.600000000000001066e+01 6.337659309345228732e-15 nan nan nan nan nan nan
1.620000000000000995e+01 4.513677941878975946e-15 nan nan nan nan nan nan
1.640000000000000924e+01 3.216294530669955131e-15 nan nan nan nan nan nan
1.660000000000001208e+01 2.292984100160876042e-15 nan nan nan nan nan nan
1.680000000000001137e+01 1.635545754684000758e-15 nan nan nan nan nan nan
1.700000000000001066e+01 1.167178368810978813e-15 nan nan nan nan nan nan
1.720000000000000995e+01 8.333378590499102625e-16 nan nan nan nan nan nan
1.740000000000001279e+01 5.952656735326758190e-16 nan nan nan nan nan nan
1.760000000000001208e+01 4.254053314572140843e-16 nan nan nan nan nan nan
1.780000000000001137e+01 3.041542737554823286e-16 nan nan nan nan nan nan
1.800000000000001066e+01 2.175606733552625386e-16 nan nan nan nan nan nan
1.820000000000001350e+01 1.556893628616037938e-16 nan nan nan nan nan nan
1.840000000000001279e+01 1.114618365858798704e-16 nan nan nan nan nan nan
1.860000000000001208e+01 7.983233224333675243e-17 nan nan nan nan nan nan
1.880000000000001137e+01 5.720230170675733206e-17 nan nan nan nan nan nan
1.900000000000001421e+01 4.100407199323187261e-17 nan nan nan nan nan nan
1.920000000000001350e+01 2.940465126823897096e-17 nan nan nan nan nan nan
1.940000000000001279e+01 2.109489876619409755e-17 nan nan nan nan nan nan
1.960000000000001208e+01 1.513937918309637021e-17 nan nan nan nan nan nan
1.980000000000001492e+01 1.086938011528354630e-17 nan nan nan nan nan nan
