2.000000000000000111e-01 2.191055461827838211e-02 2.635931246308034076e-03 1.233652268241578961e-02 1.417430377666090797e-03 1.583179793976537662e-04 -4.688133274972148114e-05 7.323083193495580073e-06
4.000000000000000222e-01 4.896441588372498800e-03 1.887613168989886762e-03 1.193063743518582402e-02 1.505245807889646565e-03 1.902364984337553554e-04 -8.959269752088194739e-05 -1.366238168092364399e-06
5.999999999999999778e-01 1.879368105182828777e-03 2.587569488627955439e-03 1.163784828790273909e-02 1.392149389318278431e-03 6.731125519264015162e-05 -9.267088785623741557e-05 4.970679191335295148e-07
8.000000000000000444e-01 8.844350778564224113e-04 3.763577562864670392e-03 1.311483758585180528e-02 1.458407432136307746e-03 -5.161404993951861623e-05 -6.358860523431173926e-05 2.703506771606948797e-05
1.000000000000000000e+00 4.602233733570171249e-04 4.426814288934812110e-03 1.579927782941863146e-02 1.670189392450544810e-03 -1.136839348340727170e-04 5.811063109075559625e-06 8.698407653274913833e-05
1.199999999999999956e+00 2.542139362730031242e-04 4.215778849286951416e-03 1.886832949818489230e-02 1.953467945232286937e-03 -1.161339494632979759e-04 8.452561732457163698e-05 1.682112503219164944e-04
1.399999999999999911e+00 1.462195195170835991e-04 3.123654087643177885e-03 2.178939959901335377e-02 2.254584565737462968e-03 -7.514523905129685073e-05 1.421870779092305798e-04 2.446902106206947573e-04
1.600000000000000089e+00 8.670149807746102522e-05 1.252045343219652376e-03 2.437960752439044185e-02 2.556256320057111696e-03 2.406768494726684217e-06 1.641865972697866102e-04 2.894269465645394408e-04
1.800000000000000044e+00 5.266070191263766653e-05 -1.185154450699062167e-03 2.658641194182086165e-02 2.835630814268232276e-03 9.346910553521534158e-05 1.502815027702659512e-04 3.023987588928187583e-04
2.000000000000000000e+00 3.262483363902072723e-05 -4.002637562247815008e-03 2.841970023642453533e-02 3.088308871225208842e-03 1.841604571328031266e-04 1.036932662613265294e-04 2.916392921453299044e-04
2.200000000000000178e+00 2.055780455700190946e-05 -7.072469916742293687e-03 2.992696797764767686e-02 3.320940466815816994e-03 2.677555954579876056e-04 2.656520869845023887e-05 2.632088530638425653e-04
2.399999999999999911e+00 1.314779133243741632e-05 -1.030779100197007185e-02 3.115636433478885178e-02 3.536941567398911752e-03 3.412488471058001613e-04 -7.490853876648461351e-05 2.218296812641297380e-04
2.600000000000000089e+00 8.519004945902893634e-06 -1.357909979452032005e-02 3.213978839478473515e-02 3.732792456882560398e-03 4.053779188383289413e-04 -1.941546790897512407e-04 1.729901126452020130e-04
2.799999999999999822e+00 5.584242114590149798e-06 -1.679887690070534442e-02 3.289930829621295905e-02 3.905227461088543045e-03 4.572136006147072083e-04 -3.246148689732324881e-04 1.195869271151215886e-04
3.000000000000000000e+00 3.699047142331597922e-06 -1.991188411575569098e-02 3.345557471607749772e-02 4.054228543739916805e-03 4.954037458586239406e-04 -4.612653537713636400e-04 6.415513713942259174e-05
3.200000000000000178e+00 2.473809808023870592e-06 -2.287819906639743800e-02 3.382923484234652556e-02 4.180292783494963735e-03 5.232643617993017367e-04 -6.008055635146273676e-04 8.638194034222082619e-06
3.399999999999999911e+00 1.669023422066904034e-06 -2.567304199192155939e-02 3.404075384214724082e-02 4.287403359645390252e-03 5.416338168666342536e-04 -7.388193250534892675e-04 -4.580703936129345064e-05
3.600000000000000089e+00 1.135258403330926819e-06 -2.827810689186517970e-02 3.410642597744391324e-02 4.376441886556033459e-03 5.537083310386177199e-04 -8.776443936479833658e-04 -9.941413920246672665e-05
3.799999999999999822e+00 7.780742362762362298e-07 -3.068035065924382132e-02 3.403834004929112700e-02 4.448745197126285390e-03 5.601760816824744894e-04 -1.014392041187891233e-03 -1.514099188222626049e-04
4.000000000000000000e+00 5.370680889063100899e-07 -3.288127703968787147e-02 3.384845801266301440e-02 4.505911166562932314e-03 5.609857360715062198e-04 -1.149418583691048110e-03 -1.996329544637487753e-04
4.200000000000000178e+00 3.710553298484629890e-07 nan nan nan nan nan nan
4.400000000000000355e+00 2.565935738996698915e-07 nan nan nan nan nan nan
4.600000000000000533e+00 1.776019569478753731e-07 nan nan nan nan nan nan
4.800000000000000711e+00 1.230387746788769969e-07 nan nan nan nan nan nan
5.000000000000000888e+00 8.531516599924860231e-08 nan nan nan nan nan nan
5.200000000000001066e+00 5.921046561888784376e-08 nan nan nan nan nan nan
5.400000000000001243e+00 4.112983636140674287e-08 nan nan nan nan nan nan
5.600000000000001421e+00 2.859567099257964176e-08 nan nan nan nan nan nan
5.800000000000001599e+00 1.989881373549235161e-08 nan nan nan nan nan nan
6.000000000000001776e+00 1.385915261834896130e-08 nan nan nan nan nan nan
6.200000000000001954e+00 9.661131373313896274e-09 nan nan nan nan nan nan
6.400000000000002132e+00 6.740630814263491750e-09 nan nan nan nan nan nan
6.600000000000002309e+00 4.707105629001155076e-09 nan nan nan nan nan nan
6.800000000000002487e+00 3.289939928880642872e-09 nan nan nan nan nan nan
7.000000000000002665e+00 2.301455255447213222e-09 nan nan nan nan nan nan
7.200000000000002842e+00 1.611379009853617990e-09 nan nan nan nan nan nan
7.400000000000003020e+00 1.129207199608855869e-09 nan nan nan nan nan nan
7.600000000000003197e+00 7.920099085955461164e-10 nan nan nan nan nan nan
7.800000000000003375e+00 5.559925639784303004e-10 nan nan nan nan nan nan
8.000000000000003553e+00 3.906511965453003965e-10 nan nan nan nan nan nan
8.200000000000002842e+00 2.747208387547675041e-10 nan nan nan nan nan nan
8.400000000000003908e+00 1.933645284987613150e-10 nan nan nan nan nan nan
8.600000000000004974e+00 1.362213796525082918e-10 nan nan nan nan nan nan
8.800000000000004263e+00 9.605002822067958377e-11 nan nan nan nan nan nan
9.000000000000003553e+00 6.778505397195743393e-11 nan nan nan nan nan nan
9.200000000000004619e+00 4.788010037408013410e-11 nan nan nan nan nan nan
9.400000000000005684e+00 3.385019586736244323e-11 nan nan nan nan nan nan
9.600000000000004974e+00 2.395259900335798470e-11 nan nan nan nan nan nan
9.800000000000004263e+00 1.696405341129344131e-11 nan nan nan nan nan nan
1.000000000000000533e+01 1.202519828489745747e-11 nan nan nan nan nan nan
1.020000000000000639e+01 8.531796062885772527e-12 nan nan nan nan nan nan
1.040000000000000568e+01 6.058625812031784280e-12 nan nan nan nan nan nan
1.060000000000000497e+01 4.306187461070864547e-12 nan nan nan nan nan nan
1.080000000000000604e+01 3.063348440427473144e-12 nan nan nan nan nan nan
1.100000000000000711e+01 2.181141719749895476e-12 nan nan nan nan nan nan
1.120000000000000639e+01 1.554370557003843950e-12 nan nan nan nan nan nan
1.140000000000000568e+01 1.108683038745066173e-12 nan nan nan nan nan nan
1.160000000000000675e+01 7.914822587726973709e-13 nan nan nan nan nan nan
1.180000000000000782e+01 5.655284620262949440e-13 nan nan nan nan nan nan
1.200000000000000711e+01 4.044320807097612578e-13 nan nan nan nan nan nan
1.220000000000000639e+01 2.894760928719823748e-13 nan nan nan nan nan nan
1.240000000000000568e+01 2.073737024022091829e-13 nan nan nan nan nan nan
1.260000000000000853e+01 1.486846757623900667e-13 nan nan nan nan nan nan
1.280000000000000782e+01 1.066959008895044694e-13 nan nan nan nan nan nan
1.300000000000000711e+01 7.662940879609262986e-14 nan nan nan nan nan nan
1.320000000000000639e+01 5.508158446855496849e-14 nan nan nan nan nan nan
1.340000000000000924e+01 3.962573719699305922e-14 nan nan nan nan nan nan
1.360000000000000853e+01 2.853020014215247127e-14 nan nan nan nan nan nan
1.380000000000000782e+01 2.055820316631384515e-14 nan nan nan nan nan nan
1.400000000000000711e+01 1.482567558521193216e-14 nan nan nan nan nan nan
1.420000000000000995e+01 1.070012292508008228e-14 nan nan nan nan nan nan
1.440000000000000924e+01 7.728651353510912650e-15 nan nan nan nan nan nan
1.460000000000000853e+01 5.586694170502947053e-15 nan nan nan nan nan nan
1.480000000000000782e+01 4.041454510104047800e-15 nan nan nan nan nan nan
1.500000000000001066e+01 2.925818145435739766e-15 nan nan nan nan nan nan
1.520000000000000995e+01 2.119721816719774880e-15 nan nan nan nan nan nan
1.540000000000000924e+01 1.536835012645460677e-15 nan nan nan nan nan nan
1.560000000000000853e+01 1.115031815336087843e-15 nan nan nan nan nan nan
1.580000000000001137e+01 8.095684852821747918e-16 nan nan nan nan nan nan
1.600000000000001066e+01 5.881943247251376967e-16 nan nan nan nan nan nan
1.620000000000000995e+01 4.276450571860562461e-16 nan nan nan nan nan nan
1.640000000000000924e+01 3.111256981204996713e-16 nan nan nan nan nan nan
1.660000000000001208e+01 2.265022157853330483e-16 nan nan nan nan nan nan
1.680000000000001137e+01 1.650013347490042557e-16 nan nan nan nan nan nan
1.700000000000001066e+01 1.202749367315063281e-16 nan nan nan nan nan nan
1.720000000000000995e+01 8.772627902271551559e-17 nan nan nan nan nan nan
1.740000000000001279e+01 6.402437794373771412e-17 nan nan nan nan nan nan
1.760000000000001208e+01 4.675373382574235154e-17 nan nan nan nan nan nan
1.780000000000001137e+01 3.416148134682232992e-17 nan nan nan nan nan nan
1.800000000000001066e+01 2.497472717233586992e-17 nan nan nan nan nan nan
1.820000000000001350e+01 1.826849186770335345e-17 nan nan nan nan nan nan
1.840000000000001279e+01 1.337016537290626116e-17 nan nan nan nan nan nan
1.860000000000001208e+01 9.790329172813321735e-18 nan nan nan nan nan nan
1.880000000000001137e+01 7.172632532787882051e-18 nan nan nan nan nan nan
1.900000000000001421e+01 5.257448625001344871e-18 nan nan nan nan nan nan
1.920000000000001350e+01 3.855503651394957689e-18 nan nan nan nan nan nan
1.940000000000001279e+01 2.828729052627194288e-18 nan nan nan nan nan nan
1.960000000000001208e+01 2.076348906443591334e-18 nan nan nan nan nan nan
1.980000000000001492e+01 1.524764405429097842e-18 nan nan nan nan nan nan
