2.000000000000000111e-01 7.543634363599078796e+00 1.047431704758130383e-02 2.877581807801193534e-02 4.660094159822013304e-03 1.290998061946299017e-03 1.619491143094282058e-04 3.296600686446943105e-05
4.000000000000000222e-01 1.795219231604500809e+00 5.360148469028532502e-03 2.727290293008090630e-02 5.375036634575888067e-03 1.763493625923069109e-03 2.665678421777875748e-04 4.257662549930512263e-05
5.999999999999999778e-01 6.778266575445560660e-01 3.837089968963727955e-03 2.673013771980599709e-02 5.813305203585677344e-03 1.959367006243638906e-03 3.053182739596391605e-04 4.741470729113469486e-05
8.000000000000000444e-01 2.208919167954961071e-01 4.837731599521842389e-03 3.906686794774594240e-02 9.372874646991545197e-03 3.363747873406450293e-03 5.240462222370832453e-04 7.574910449848132939e-05
1.000000000000000000e+00 8.445906550704621041e-02 5.396534638221027816e-03 5.138083793607235022e-02 1.350306126903901352e-02 5.313506319040495370e-03 8.854272288740199339e-04 1.254057223865015654e-04
1.199999999999999956e+00 3.919464880608623802e-02 4.421028623707882674e-03 5.526950385551746697e-02 1.570356220518984158e-02 6.716133631298083252e-03 1.229208263922375137e-03 1.886090050485487199e-04
1.399999999999999911e+00 1.880511440553919722e-02 3.405283393243657523e-03 5.922770465702748011e-02 1.776812272570164539e-02 8.105785228005002799e-03 1.595538588989531487e-03 2.699966865600542999e-04
1.600000000000000089e+00 9.503865738493670959e-03 2.099097162968004398e-03 6.141602893384583151e-02 1.918108480752514153e-02 9.192360016639200548e-03 1.909200266779067373e-03 3.509366715606510446e-04
1.800000000000000044e+00 5.041519211507427406e-03 5.674762051928214195e-04 6.173736946984391405e-02 1.989031607108580901e-02 9.914670351849000016e-03 2.146574145953785134e-03 4.191674023759853077e-04
2.000000000000000000e+00 2.788658313214870989e-03 -1.086342600135386822e-03 6.054719562346446565e-02 1.998509026110021833e-02 1.029641159329999431e-02 2.305459643845111060e-03 4.691043137978967111e-04
2.200000000000000178e+00 1.642552880032897931e-03 -2.664785069790763690e-03 5.637914941810667074e-02 1.899832351499381941e-02 1.008249265008771302e-02 2.326146316080966378e-03 4.867136241617753788e-04
2.399999999999999911e+00 9.895394143880859115e-04 -4.121822578564508614e-03 5.238150177859896700e-02 1.790525094951831916e-02 9.763723085886964401e-03 2.310894171171299760e-03 4.946529879181191030e-04
2.600000000000000089e+00 6.109996915361200166e-04 -5.435932774947795261e-03 4.834305207321408504e-02 1.667386425574801656e-02 9.325131424765787172e-03 2.256954438983781001e-03 4.933754107704870677e-04
2.799999999999999822e+00 3.866353455648255887e-04 -6.583376302902214754e-03 4.426218454621069776e-02 1.533287246863776487e-02 8.782891100730716438e-03 2.168105351025107017e-03 4.840823932793103675e-04
3.000000000000000000e+00 2.504287863776153908e-04 -7.552510444385836415e-03 4.021610927376747385e-02 1.393430334235491556e-02 8.167980519095750791e-03 2.051849091202088537e-03 4.686977841080511276e-04
3.200000000000000178e+00 1.690096038305568930e-04 -8.146374770446414629e-03 3.552748860960188576e-02 1.227724202454749149e-02 7.364218795034569928e-03 1.879379401110032157e-03 4.406783492369563144e-04
3.399999999999999911e+00 1.158278625033419009e-04 -8.609490505284037726e-03 3.137781366586740034e-02 1.077374856076283687e-02 6.612512279845579079e-03 1.710435016597104283e-03 4.132766182369946033e-04
3.600000000000000089e+00 8.065144481928390263e-05 -8.945522865953455666e-03 2.765587133294303626e-02 9.404611949396764550e-03 5.908582681827406063e-03 1.546044711421614868e-03 3.863380610425688538e-04
3.799999999999999822e+00 5.705248666669975955e-05 -9.164252324671100236e-03 2.430220852320979716e-02 8.161855531858648247e-03 5.253594259009086199e-03 1.387773585634051801e-03 3.597376052869360801e-04
4.000000000000000000e+00 4.096063109177821562e-05 -9.284915579326456087e-03 2.129418963979685595e-02 7.046004173867004804e-03 4.652211507023887131e-03 1.238578173792356319e-03 3.337529667373070538e-04
4.200000000000000178e+00 3.016929318418689102e-05 nan nan nan nan nan nan
4.400000000000000355e+00 2.238634050508908938e-05 nan nan nan nan nan nan
4.600000000000000533e+00 1.675267339021762559e-05 nan nan nan nan nan nan
4.800000000000000711e+00 1.265023449319898847e-05 nan nan nan nan nan nan
5.000000000000000888e+00 9.641510174962232595e-06 nan nan nan nan nan nan
5.200000000000001066e+00 7.519823525024558114e-06 nan nan nan nan nan nan
5.400000000000001243e+00 5.905642630818729869e-06 nan nan nan nan nan nan
5.600000000000001421e+00 4.671319254357230458e-06 nan nan nan nan nan nan
5.800000000000001599e+00 3.721135016577411991e-06 nan nan nan nan nan nan
6.000000000000001776e+00 2.983495658900106788e-06 nan nan nan nan nan nan
6.200000000000001954e+00 2.436893564037901617e-06 nan nan nan nan nan nan
6.400000000000002132e+00 1.999328547374787906e-06 nan nan nan nan nan nan
6.600000000000002309e+00 1.647584437019925486e-06 nan nan nan nan nan nan
6.800000000000002487e+00 1.363541492055948543e-06 nan nan nan nan nan nan
7.000000000000002665e+00 1.133165959049344626e-06 nan nan nan nan nan nan
7.200000000000002842e+00 9.541655448226134731e-07 nan nan nan nan nan nan
7.400000000000003020e+00 8.055189926280904142e-07 nan nan nan nan nan nan
7.600000000000003197e+00 6.817704177452235312e-07 nan nan nan nan nan nan
7.800000000000003375e+00 5.784494137170572599e-07 nan nan nan nan nan nan
8.000000000000003553e+00 4.919397706273419914e-07 nan nan nan nan nan nan
8.200000000000002842e+00 4.227322075549907435e-07 nan nan nan nan nan nan
8.400000000000003908e+00 3.636681275109140298e-07 nan nan nan nan nan nan
8.600000000000004974e+00 3.132793265247749747e-07 nan nan nan nan nan nan
8.800000000000004263e+00 2.702870905171165780e-07 nan nan nan nan nan nan
9.000000000000003553e+00 2.335850667810438509e-07 nan nan nan nan nan nan
9.200000000000004619e+00 2.035113026309626364e-07 nan nan nan nan nan nan
9.400000000000005684e+00 1.774453477678097703e-07 nan nan nan nan nan nan
9.600000000000004974e+00 1.548600376251102888e-07 nan nan nan nan nan nan
9.800000000000004263e+00 1.352883845512734242e-07 nan nan nan nan nan nan
1.000000000000000533e+01 1.183213320001634686e-07 nan nan nan nan nan nan
1.020000000000000639e+01 1.041585503337685901e-07 nan nan nan nan nan nan
1.040000000000000568e+01 9.175018629117505077e-08 nan nan nan nan nan nan
1.060000000000000497e+01 8.087786913899659053e-08 nan nan nan nan nan nan
1.080000000000000604e+01 7.134894095225980388e-08 nan nan nan nan nan nan
1.100000000000000711e+01 6.299616040934680535e-08 nan nan nan nan nan nan
1.120000000000000639e+01 5.593787849990512933e-08 nan nan nan nan nan nan
1.140000000000000568e+01 4.968874029069483755e-08 nan nan nan nan nan nan
1.160000000000000675e+01 4.415812505311747010e-08 nan nan nan nan nan nan
1.180000000000000782e+01 3.926521885556477716e-08 nan nan nan nan nan nan
1.200000000000000711e+01 3.493897521193158875e-08 nan nan nan nan nan nan
1.220000000000000639e+01 3.123590641651709535e-08 nan nan nan nan nan nan
1.240000000000000568e+01 2.793740771939842088e-08 nan nan nan nan nan nan
1.260000000000000853e+01 2.499832214125102236e-08 nan nan nan nan nan nan
1.280000000000000782e+01 2.237863377057962131e-08 nan nan nan nan nan nan
1.300000000000000711e+01 2.004346248820956581e-08 nan nan nan nan nan nan
1.320000000000000639e+01 1.802787441965645571e-08 nan nan nan nan nan nan
1.340000000000000924e+01 1.622034745105234057e-08 nan nan nan nan nan nan
1.360000000000000853e+01 1.459873017433329755e-08 nan nan nan nan nan nan
1.380000000000000782e+01 1.314322229229494529e-08 nan nan nan nan nan nan
1.400000000000000711e+01 1.183637390319687041e-08 nan nan nan nan nan nan
1.420000000000000995e+01 1.070132567336586351e-08 nan nan nan nan nan nan
1.440000000000000924e+01 9.677006714013553010e-09 nan nan nan nan nan nan
1.460000000000000853e+01 8.752834902851406723e-09 nan nan nan nan nan nan
1.480000000000000782e+01 7.919059500393864113e-09 nan nan nan nan nan nan
1.500000000000001066e+01 7.166761051520024298e-09 nan nan nan nan nan nan
1.520000000000000995e+01 6.508556471713656326e-09 nan nan nan nan nan nan
1.540000000000000924e+01 5.911564756199279943e-09 nan nan nan nan nan nan
1.560000000000000853e+01 5.370076999956332313e-09 nan nan nan nan nan nan
1.580000000000001137e+01 4.878942807272822758e-09 nan nan nan nan nan nan
1.600000000000001066e+01 4.433570277947668979e-09 nan nan nan nan nan nan
1.620000000000000995e+01 4.041524468624474097e-09 nan nan nan nan nan nan
1.640000000000000924e+01 3.685539283568691432e-09 nan nan nan nan nan nan
1.660000000000001208e+01 3.361015005081942601e-09 nan nan nan nan nan nan
1.680000000000001137e+01 3.064801626119273912e-09 nan nan nan nan nan nan
1.700000000000001066e+01 2.795198848310008456e-09 nan nan nan nan nan nan
1.720000000000000995e+01 2.556821433303741404e-09 nan nan nan nan nan nan
1.740000000000001279e+01 2.338743744504006546e-09 nan nan nan nan nan nan
1.760000000000001208e+01 2.139490391796401270e-09 nan nan nan nan nan nan
1.780000000000001137e+01 1.957443101529468089e-09 nan nan nan nan nan nan
1.800000000000001066e+01 1.790840716222710848e-09 nan nan nan nan nan nan
1.820000000000001350e+01 1.642881109155224014e-09 nan nan nan nan nan nan
1.840000000000001279e+01 1.507121267833655680e-09 nan nan nan nan nan nan
1.860000000000001208e+01 1.382581737915337655e-09 nan nan nan nan nan nan
1.880000000000001137e+01 1.268401759580688568e-09 nan nan nan nan nan nan
1.900000000000001421e+01 1.163839267488687560e-09 nan nan nan nan nan nan
1.920000000000001350e+01 1.070597457165417127e-09 nan nan nan nan nan nan
1.940000000000001279e+01 9.847373769536381113e-10 nan nan nan nan nan nan
1.960000000000001208e+01 9.057176558331791693e-10 nan nan nan nan nan nan
1.980000000000001492e+01 8.330675952137543656e-10 nan nan nan nan nan nan
