2.000000000000000111e-01 nan nan nan nan nan nan nan
4.000000000000000222e-01 nan nan nan nan nan nan nan
5.999999999999999778e-01 3.718287208032726276e+00 1.982391744488495172e-02 6.760445305391526993e-02 2.183190661303614083e-02 1.163863718685792178e-02 4.480929245917503190e-03 1.564875333679614398e-03
8.000000000000000444e-01 1.648164489505743902e+00 1.783994493687706545e-02 7.321002984336272279e-02 2.545834585786591400e-02 1.419380961414129332e-02 5.533082468661378733e-03 1.911335573508333389e-03
1.000000000000000000e+00 7.618693026195662021e-01 1.584439678631130444e-02 8.323344206205716966e-02 3.107812973327258102e-02 1.848714975546589256e-02 7.528828057521637189e-03 2.627621603463587818e-03
1.199999999999999956e+00 3.920625764868527208e-01 1.208529647128869962e-02 8.868881762475162855e-02 3.527025447581322304e-02 2.241164057059511633e-02 9.694791906993745212e-03 3.533630739419228381e-03
1.399999999999999911e+00 2.105318612698911795e-01 7.746393986808640733e-03 9.305848401668145864e-02 3.897075566083063602e-02 2.625558818455627288e-02 1.204005024724980576e-02 4.642613224338350275e-03
1.600000000000000089e+00 1.178811951456757851e-01 3.104768568145287698e-03 9.548541404017794887e-02 4.167957512920286711e-02 2.948458883319058504e-02 1.421067350210885975e-02 5.772524079815941414e-03
1.800000000000000044e+00 6.854951058626707061e-02 -1.525994872622314169e-03 9.591859291618703987e-02 4.329011176668327160e-02 3.188284012725645100e-02 1.600999424639396387e-02 6.788326094114453986e-03
2.000000000000000000e+00 4.129270255994355043e-02 -5.922004316327945418e-03 9.443318048586195335e-02 4.380525335994621405e-02 3.337320780672260734e-02 1.733802824874226475e-02 7.610114796166356221e-03
2.200000000000000178e+00 2.596986601471039380e-02 -9.811774783003771733e-03 9.025109245006003589e-02 4.285121917685697640e-02 3.361010973701115262e-02 1.797570384985856112e-02 8.116655785895095926e-03
2.399999999999999911e+00 1.668420086819108819e-02 -1.322663468423020822e-02 8.558052817228321840e-02 4.143291776829831352e-02 3.335100564067378093e-02 1.829605874536160276e-02 8.466984821832154728e-03
2.600000000000000089e+00 1.094858351365531404e-02 -1.613115962776796516e-02 8.043080803445896987e-02 3.957675695263657145e-02 3.261530193237805603e-02 1.830310865470632584e-02 8.658981928676409701e-03
2.799999999999999822e+00 7.332451714440814047e-03 -1.849575695490697849e-02 7.491623617905562860e-02 3.735448629717970370e-02 3.145756029518102098e-02 1.801972222829860068e-02 8.698247163971967177e-03
3.000000000000000000e+00 5.003540444881974039e-03 -2.032042973577433825e-02 6.922006982680198317e-02 3.487367417734655445e-02 2.996518879866636245e-02 1.748972246995864413e-02 8.601249136863126782e-03
3.200000000000000178e+00 3.508131883222066934e-03 -2.141074814483883565e-02 6.286074832475842256e-02 3.191660603956383152e-02 2.794238312789436296e-02 1.659357507586188551e-02 8.303620175381221102e-03
3.399999999999999911e+00 2.497875793925081155e-03 -2.201995214059507613e-02 5.676511642605208685e-02 2.896334778527850581e-02 2.580958230700649073e-02 1.557312951667913330e-02 7.924304609737047381e-03
3.600000000000000089e+00 1.805638071142545665e-03 -2.219194547123026426e-02 5.096910335610049803e-02 2.605917085629857327e-02 2.361671947042427722e-02 1.446128649416307012e-02 7.479928059300943767e-03
3.799999999999999822e+00 1.324150033918452315e-03 -2.198737702841676786e-02 4.552557399840388014e-02 2.325588938080470555e-02 2.142115789872967718e-02 1.329659500897324709e-02 6.990665903431345432e-03
4.000000000000000000e+00 9.845002823754933456e-04 -2.146811591170006903e-02 4.046774195272402619e-02 2.059335771294101489e-02 1.927025673993271876e-02 1.211281619888427558e-02 6.474529767643843157e-03
4.200000000000000178e+00 7.443235559052534386e-04 nan nan nan nan nan nan
4.400000000000000355e+00 5.667192569218254278e-04 nan nan nan nan nan nan
4.600000000000000533e+00 4.349400194209127198e-04 nan nan nan nan nan nan
4.800000000000000711e+00 3.367140532376596712e-04 nan nan nan nan nan nan
5.000000000000000888e+00 2.631092013098980907e-04 nan nan nan nan nan nan
5.200000000000001066e+00 2.090672154984627525e-04 nan nan nan nan nan nan
5.400000000000001243e+00 1.676343863099966612e-04 nan nan nan nan nan nan
5.600000000000001421e+00 1.356438992126695643e-04 nan nan nan nan nan nan
5.800000000000001599e+00 1.107408641335623002e-04 nan nan nan nan nan nan
6.000000000000001776e+00 9.118448397449192507e-05 nan nan nan nan nan nan
6.200000000000001954e+00 7.623993181325166711e-05 nan nan nan nan nan nan
6.400000000000002132e+00 6.419280711417657071e-05 nan nan nan nan nan nan
6.600000000000002309e+00 5.441273536468593992e-05 nan nan nan nan nan nan
6.800000000000002487e+00 4.641451442289096268e-05 nan nan nan nan nan nan
7.000000000000002665e+00 3.982362777277255559e-05 nan nan nan nan nan nan
7.200000000000002842e+00 3.453065418898511779e-05 nan nan nan nan nan nan
7.400000000000003020e+00 3.007094700308128794e-05 nan nan nan nan nan nan
7.600000000000003197e+00 2.629754033192761042e-05 nan nan nan nan nan nan
7.800000000000003375e+00 2.308881667409767142e-05 nan nan nan nan nan nan
8.000000000000003553e+00 2.034248908904178092e-05 nan nan nan nan nan nan
8.200000000000002842e+00 1.806402419861455975e-05 nan nan nan nan nan nan
8.400000000000003908e+00 1.607012461633656433e-05 nan nan nan nan nan nan
8.600000000000004974e+00 1.433659793997809216e-05 nan nan nan nan nan nan
8.800000000000004263e+00 1.282676232654869405e-05 nan nan nan nan nan nan
9.000000000000003553e+00 1.149039532653662112e-05 nan nan nan nan nan nan
9.200000000000004619e+00 1.035515958227826102e-05 nan nan nan nan nan nan
9.400000000000005684e+00 9.345244233571802037e-06 nan nan nan nan nan nan
9.600000000000004974e+00 8.446807525716547779e-06 nan nan nan nan nan nan
9.800000000000004263e+00 7.646539298910205948e-06 nan nan nan nan nan nan
1.000000000000000533e+01 6.931477179871391025e-06 nan nan nan nan nan nan
1.020000000000000639e+01 6.312517072996617491e-06 nan nan nan nan nan nan
1.040000000000000568e+01 5.754642873345972213e-06 nan nan nan nan nan nan
1.060000000000000497e+01 5.251637301621638682e-06 nan nan nan nan nan nan
1.080000000000000604e+01 4.797868851414948764e-06 nan nan nan nan nan nan
1.100000000000000711e+01 4.388259612484265263e-06 nan nan nan nan nan nan
1.120000000000000639e+01 4.028794339312286836e-06 nan nan nan nan nan nan
1.140000000000000568e+01 3.701678052630361567e-06 nan nan nan nan nan nan
1.160000000000000675e+01 3.403938601509884062e-06 nan nan nan nan nan nan
1.180000000000000782e+01 3.132855775043074044e-06 nan nan nan nan nan nan
1.200000000000000711e+01 2.885955663052339204e-06 nan nan nan nan nan nan
1.220000000000000639e+01 2.666134103689801947e-06 nan nan nan nan nan nan
1.240000000000000568e+01 2.465268987363495484e-06 nan nan nan nan nan nan
1.260000000000000853e+01 2.281324230380790955e-06 nan nan nan nan nan nan
1.280000000000000782e+01 2.112621672858272814e-06 nan nan nan nan nan nan
1.300000000000000711e+01 1.957840089163906559e-06 nan nan nan nan nan nan
1.320000000000000639e+01 1.819345134280334580e-06 nan nan nan nan nan nan
1.340000000000000924e+01 1.691603360966452462e-06 nan nan nan nan nan nan
1.360000000000000853e+01 1.573769801616503940e-06 nan nan nan nan nan nan
1.380000000000000782e+01 1.465052604207559047e-06 nan nan nan nan nan nan
1.400000000000000711e+01 1.364712858429612874e-06 nan nan nan nan nan nan
1.420000000000000995e+01 1.274256649541853961e-06 nan nan nan nan nan nan
1.440000000000000924e+01 1.190371856690962727e-06 nan nan nan nan nan nan
1.460000000000000853e+01 1.112577385847863639e-06 nan nan nan nan nan nan
1.480000000000000782e+01 1.040420855345651884e-06 nan nan nan nan nan nan
1.500000000000001066e+01 9.734785652872836533e-07 nan nan nan nan nan nan
1.520000000000000995e+01 9.127357965613814644e-07 nan nan nan nan nan nan
1.540000000000000924e+01 8.561507189829550643e-07 nan nan nan nan nan nan
1.560000000000000853e+01 8.034363216567136918e-07 nan nan nan nan nan nan
1.580000000000001137e+01 7.543222834081352724e-07 nan nan nan nan nan nan
1.600000000000001066e+01 7.085549673927217375e-07 nan nan nan nan nan nan
1.620000000000000995e+01 6.667954971556668539e-07 nan nan nan nan nan nan
1.640000000000000924e+01 6.277334772813644763e-07 nan nan nan nan nan nan
1.660000000000001208e+01 5.911031423983561091e-07 nan nan nan nan nan nan
1.680000000000001137e+01 5.567869436558455142e-07 nan nan nan nan nan nan
1.700000000000001066e+01 5.248155477722459768e-07 nan nan nan nan nan nan
1.720000000000000995e+01 4.954944553844052162e-07 nan nan nan nan nan nan
1.740000000000001279e+01 4.679672869845979033e-07 nan nan nan nan nan nan
1.760000000000001208e+01 4.421164145921404107e-07 nan nan nan nan nan nan
1.780000000000001137e+01 4.178381143379007415e-07 nan nan nan nan nan nan
1.800000000000001066e+01 3.950425662960832914e-07 nan nan nan nan nan nan
1.820000000000001350e+01 3.740417550066824479e-07 nan nan nan nan nan nan
1.840000000000001279e+01 3.542671109954862251e-07 nan nan nan nan nan nan
1.860000000000001208e+01 3.356456496756323469e-07 nan nan nan nan nan nan
1.880000000000001137e+01 3.181077204996521050e-07 nan nan nan nan nan nan
1.900000000000001421e+01 3.015870069296722158e-07 nan nan nan nan nan nan
1.920000000000001350e+01 2.863068362947424101e-07 nan nan nan nan nan nan
1.940000000000001279e+01 2.718769999761047174e-07 nan nan nan nan nan nan
1.960000000000001208e+01 2.582487877008934729e-07 nan nan nan nan nan nan
1.980000000000001492e+01 2.453780468731121885e-07 nan nan nan nan nan nan
