2.000000000000000111e-01 1.409261885565329248e-02 1.139979615748859011e-02 5.442688759410774062e-03 5.481933323925480573e-05 1.653734572168066960e-04 4.716549222226593710e-05 3.160954825976317940e-05
4.000000000000000222e-01 7.354362526155284845e-03 4.479884415469349845e-03 2.819586238559533033e-03 -1.859685895315183686e-05 4.092034762540500505e-05 -2.568879741083302486e-06 6.951456906797653061e-06
5.999999999999999778e-01 3.683834332563215228e-03 2.935158352758521823e-03 2.220609873367214611e-03 -2.262700087302591036e-05 1.492341903741129934e-05 -1.072869683291821402e-05 2.269581552049888378e-06
8.000000000000000444e-01 1.024984285878422548e-03 4.059330009369233570e-03 3.669498729106695362e-03 -4.097036469919144883e-05 -1.525387152065886479e-06 -3.622229080033824325e-05 -3.483863984858604703e-06
1.000000000000000000e+00 3.394139174048619819e-04 5.089991228220443718e-03 5.587799593986993336e-03 -5.208279566925249704e-05 -1.444845426751135976e-05 -7.582556127729455275e-05 -1.507919095428019552e-05
1.199999999999999956e+00 1.628347435565095425e-04 4.577440843259560598e-03 6.316297322518316971e-03 -2.775191796758035972e-05 7.012899873395501792e-06 -9.824386609964527782e-05 -2.085726288004832005e-05
1.399999999999999911e+00 7.774730699530328290e-05 4.054824681077732682e-03 7.313644649683985650e-03 2.371530150626759193e-07 3.619011751136649320e-05 -1.268041562430170604e-04 -2.412607959756152580e-05
1.600000000000000089e+00 3.951580906825017775e-05 3.186069806397926873e-03 8.118700593393941151e-03 3.359296008907275720e-05 7.453868267170995717e-05 -1.543150266307647073e-04 -2.320076002883338822e-05
1.800000000000000044e+00 2.142055659093306335e-05 2.006450045565932871e-03 8.570633414017368376e-03 6.212359741075900658e-05 1.178234603711911200e-04 -1.771871448725534435e-04 -2.258945135604216152e-05
2.000000000000000000e+00 1.225907367675242009e-05 6.222712263541109977e-04 8.679235838846104112e-03 7.494186402091720391e-05 1.572255873441102644e-04 -1.972296795723755235e-04 -2.670165454679461066e-05
2.200000000000000178e+00 7.797517332682902600e-06 -7.772583877069572144e-04 8.082201677079356786e-03 7.414782319057766776e-05 1.964620949205643594e-04 -1.983697768073952345e-04 -3.224224354368315949e-05
2.399999999999999911e+00 5.005216689525344904e-06 -2.036320397089653143e-03 7.536932429667637934e-03 6.067540549600098488e-05 2.355554993779576634e-04 -1.955909717663809218e-04 -3.787716384040095975e-05
2.600000000000000089e+00 3.272402520969567734e-06 -3.151953768664646997e-03 6.969842997256562450e-03 3.517091686933992864e-05 2.689284527801689734e-04 -1.886953903711666885e-04 -4.208418573534381809e-05
2.799999999999999822e+00 2.184161439112342586e-06 -4.110948051804293180e-03 6.373820679182963869e-03 -6.167868408140896965e-07 2.927109733698915863e-04 -1.794221554004939232e-04 -4.440671590968062611e-05
3.000000000000000000e+00 1.487201455956402066e-06 -4.906387136282855561e-03 5.765066141261810523e-03 -4.347517137647195957e-05 3.055183656662163933e-04 -1.689990881410981791e-04 -4.519519297932222295e-05
3.200000000000000178e+00 1.066310203152325236e-06 -5.380028096107167604e-03 5.011645712461942209e-03 -8.651850022707956709e-05 3.008931241741539175e-04 -1.530344144748453400e-04 -4.302589901596195787e-05
3.399999999999999911e+00 7.690886298200774105e-07 -5.739723569308217282e-03 4.357362045266504127e-03 -1.307960570694444115e-04 2.885395789281544219e-04 -1.397521684631434049e-04 -3.981305323282606528e-05
3.600000000000000089e+00 5.599062954345308624e-07 -5.994225940244029931e-03 3.773647747118913810e-03 -1.738471036888537314e-04 2.698791165663433247e-04 -1.276416356349385707e-04 -3.629682795908050012e-05
3.799999999999999822e+00 4.120871952157564130e-07 -6.158355669712570028e-03 3.244325662853264191e-03 -2.146190016668173591e-04 2.466726226194399180e-04 -1.174555720392907795e-04 -3.289345991756654011e-05
4.000000000000000000e+00 3.065480926090182402e-07 -6.248077613798076052e-03 2.764536001663841971e-03 -2.511574063291816265e-04 2.197104585919797614e-04 -1.087800441639323026e-04 -3.019326444606415112e-05
4.200000000000000178e+00 2.354119170287374264e-07 nan nan nan nan nan nan
4.400000000000000355e+00 1.815818323763820187e-07 nan nan nan nan nan nan
4.600000000000000533e+00 1.408540441420851970e-07 nan nan nan nan nan nan
4.800000000000000711e+00 1.099342242651918169e-07 nan nan nan nan nan nan
5.000000000000000888e+00 8.634838325039256066e-08 nan nan nan nan nan nan
5.200000000000001066e+00 6.935876058075805082e-08 nan nan nan nan nan nan
5.400000000000001243e+00 5.587018854469670328e-08 nan nan nan nan nan nan
5.600000000000001421e+00 4.516646808378800205e-08 nan nan nan nan nan nan
5.800000000000001599e+00 3.665464859646417692e-08 nan nan nan nan nan nan
6.000000000000001776e+00 2.985482677462889099e-08 nan nan nan nan nan nan
6.200000000000001954e+00 2.472858302246684949e-08 nan nan nan nan nan nan
6.400000000000002132e+00 2.052187659113887444e-08 nan nan nan nan nan nan
6.600000000000002309e+00 1.707010524975530140e-08 nan nan nan nan nan nan
6.800000000000002487e+00 1.423489990195419362e-08 nan nan nan nan nan nan
7.000000000000002665e+00 1.190285098148072436e-08 nan nan nan nan nan nan
7.200000000000002842e+00 1.007425542391277583e-08 nan nan nan nan nan nan
7.400000000000003020e+00 8.539512620120706022e-09 nan nan nan nan nan nan
7.600000000000003197e+00 7.250926174111113289e-09 nan nan nan nan nan nan
7.800000000000003375e+00 6.167704130185828301e-09 nan nan nan nan nan nan
8.000000000000003553e+00 5.255789082608807029e-09 nan nan nan nan nan nan
8.200000000000002842e+00 4.523680837842215677e-09 nan nan nan nan nan nan
8.400000000000003908e+00 3.896494634117642018e-09 nan nan nan nan nan nan
8.600000000000004974e+00 3.359852011019806362e-09 nan nan nan nan nan nan
8.800000000000004263e+00 2.900936172512433118e-09 nan nan nan nan nan nan
9.000000000000003553e+00 2.508468126173892483e-09 nan nan nan nan nan nan
9.200000000000004619e+00 2.186499528953736903e-09 nan nan nan nan nan nan
9.400000000000005684e+00 1.907110959038133890e-09 nan nan nan nan nan nan
9.600000000000004974e+00 1.664812875214971678e-09 nan nan nan nan nan nan
9.800000000000004263e+00 1.454701782384553484e-09 nan nan nan nan nan nan
1.000000000000000533e+01 1.272456738149233551e-09 nan nan nan nan nan nan
1.020000000000000639e+01 1.120279288073589332e-09 nan nan nan nan nan nan
1.040000000000000568e+01 9.869089526163143058e-10 nan nan nan nan nan nan
1.060000000000000497e+01 8.700195915542661609e-10 nan nan nan nan nan nan
1.080000000000000604e+01 7.675538313754810063e-10 nan nan nan nan nan nan
1.100000000000000711e+01 6.777225356783578275e-10 nan nan nan nan nan nan
1.120000000000000639e+01 6.018058957545792055e-10 nan nan nan nan nan nan
1.140000000000000568e+01 5.345863061716371200e-10 nan nan nan nan nan nan
1.160000000000000675e+01 4.750917317276244193e-10 nan nan nan nan nan nan
1.180000000000000782e+01 4.224546429502853053e-10 nan nan nan nan nan nan
1.200000000000000711e+01 3.759119333438932006e-10 nan nan nan nan nan nan
1.220000000000000639e+01 3.360725063204842474e-10 nan nan nan nan nan nan
1.240000000000000568e+01 3.005848845569028235e-10 nan nan nan nan nan nan
1.260000000000000853e+01 2.689635862265419285e-10 nan nan nan nan nan nan
1.280000000000000782e+01 2.407783157020743636e-10 nan nan nan nan nan nan
1.300000000000000711e+01 2.156539502717955667e-10 nan nan nan nan nan nan
1.320000000000000639e+01 1.939678888929352406e-10 nan nan nan nan nan nan
1.340000000000000924e+01 1.745202955000522429e-10 nan nan nan nan nan nan
1.360000000000000853e+01 1.570728824161895176e-10 nan nan nan nan nan nan
1.380000000000000782e+01 1.414126422245230225e-10 nan nan nan nan nan nan
1.400000000000000711e+01 1.273518455835231671e-10 nan nan nan nan nan nan
1.420000000000000995e+01 1.151394852321563905e-10 nan nan nan nan nan nan
1.440000000000000924e+01 1.041184855364733461e-10 nan nan nan nan nan nan
1.460000000000000853e+01 9.417499536899118741e-11 nan nan nan nan nan nan
1.480000000000000782e+01 8.520410673837847537e-11 nan nan nan nan nan nan
1.500000000000001066e+01 7.710985442207635110e-11 nan nan nan nan nan nan
1.520000000000000995e+01 7.002799021219947867e-11 nan nan nan nan nan nan
1.540000000000000924e+01 6.360473613401220228e-11 nan nan nan nan nan nan
1.560000000000000853e+01 5.777866864955993855e-11 nan nan nan nan nan nan
1.580000000000001137e+01 5.249437318456459857e-11 nan nan nan nan nan nan
1.600000000000001066e+01 4.770244406540375208e-11 nan nan nan nan nan nan
1.620000000000000995e+01 4.348427677160121738e-11 nan nan nan nan nan nan
1.640000000000000924e+01 3.965409903017680998e-11 nan nan nan nan nan nan
1.660000000000001208e+01 3.616242083585340954e-11 nan nan nan nan nan nan
1.680000000000001137e+01 3.297535013475220306e-11 nan nan nan nan nan nan
1.700000000000001066e+01 3.007459281338610330e-11 nan nan nan nan nan nan
1.720000000000000995e+01 2.750980084563410867e-11 nan nan nan nan nan nan
1.740000000000001279e+01 2.516342122301474404e-11 nan nan nan nan nan nan
1.760000000000001208e+01 2.301957967885913578e-11 nan nan nan nan nan nan
1.780000000000001137e+01 2.106086460561806634e-11 nan nan nan nan nan nan
1.800000000000001066e+01 1.926832705290893942e-11 nan nan nan nan nan nan
1.820000000000001350e+01 1.767637414121712198e-11 nan nan nan nan nan nan
1.840000000000001279e+01 1.621568308357316481e-11 nan nan nan nan nan nan
1.860000000000001208e+01 1.487571556414827310e-11 nan nan nan nan nan nan
1.880000000000001137e+01 1.364721034567441869e-11 nan nan nan nan nan nan
1.900000000000001421e+01 1.252218326909299999e-11 nan nan nan nan nan nan
1.920000000000001350e+01 1.151895965417195471e-11 nan nan nan nan nan nan
1.940000000000001279e+01 1.059515884252462623e-11 nan nan nan nan nan nan
1.960000000000001208e+01 9.744956020319736804e-12 nan nan nan nan nan nan
1.980000000000001492e+01 8.963286764882993464e-12 nan nan nan nan nan nan
