2.000000000000000111e-01 5.327199373393277232e-02 3.260080168996827565e-02 2.238031137668930123e-02 2.723490479791177560e-03 1.311635887345410055e-03 2.522723595238733456e-04 1.715328240138738281e-04
4.000000000000000222e-01 2.099715451246891157e-02 1.617643735375065214e-02 1.517467161500262417e-02 2.132483585893970180e-03 1.067760797563813884e-03 1.321761926608736807e-04 8.169501107475727773e-05
5.999999999999999778e-01 9.833509666518436623e-03 1.142050833745449773e-02 1.278224405270072216e-02 1.953074626362828964e-03 9.743890183153524742e-04 9.962127312063820731e-05 5.834528844329279465e-05
8.000000000000000444e-01 2.885669996230488723e-03 1.551607097516078011e-02 2.001351996627785332e-02 3.284532760594333772e-03 1.699491126137961860e-03 1.328383167604048841e-04 5.810058540052021655e-05
1.000000000000000000e+00 1.018769537056436747e-03 1.900966355981346598e-02 2.846955188886668778e-02 4.922674680452683929e-03 2.745560336520587626e-03 1.933369751819002990e-04 5.317603648317952854e-05
1.199999999999999956e+00 4.944886487167646184e-04 1.749483520259300165e-02 3.123348097603408091e-02 5.657544988316160275e-03 3.442681168219649535e-03 2.688333434805673995e-04 8.591407344503514652e-05
1.399999999999999911e+00 2.429592248345348901e-04 1.593667260148232123e-02 3.494879608702003426e-02 6.513162182535332627e-03 4.307930966340801394e-03 3.845854117491473694e-04 1.834054066763459020e-04
1.600000000000000089e+00 1.269356834338785311e-04 1.325145162033937798e-02 3.778087578825673615e-02 7.158286026702347614e-03 5.110290193147011377e-03 5.106878993944350244e-04 3.161982906124173880e-04
1.800000000000000044e+00 7.034986347683262460e-05 9.561200116134963359e-03 3.933349847506949215e-02 7.505779141072123350e-03 5.754008744682089990e-03 6.304189687407441922e-04 4.368994445874435531e-04
2.000000000000000000e+00 4.092328657349778888e-05 5.159560978011810961e-03 3.969818162977314241e-02 7.556631142641503061e-03 6.214527373615918657e-03 7.262419723318071663e-04 5.095877100854919644e-04
2.200000000000000178e+00 2.584662162740995357e-05 3.417947204889856122e-04 3.747933628422562419e-02 7.086187646894580305e-03 6.266250076349851039e-03 7.663266548518846404e-04 5.118274466472098492e-04
2.399999999999999911e+00 1.653913746646689211e-05 -4.369154470118295948e-03 3.538830652759360901e-02 6.568285485935233120e-03 6.283867239517186738e-03 7.946824245030424238e-04 4.926695597966326010e-04
2.600000000000000089e+00 1.078119452873112989e-05 -8.878502330264112855e-03 3.314601288817048408e-02 5.974094630373643147e-03 6.222348519633814218e-03 8.108232252757324341e-04 4.658098626650074878e-04
2.799999999999999822e+00 7.164997938162271972e-06 -1.308366589871838397e-02 3.069521545586228681e-02 5.306861688596378225e-03 6.068782608485987287e-03 8.135068231415267014e-04 4.422087201201491450e-04
3.000000000000000000e+00 4.849351604404275159e-06 -1.691977845055118307e-02 2.808408080228774403e-02 4.588955373662886687e-03 5.833316261634438789e-03 8.034952081961689542e-04 4.334236050916119077e-04
3.200000000000000178e+00 3.419190663480080834e-06 -1.986984735906148838e-02 2.479128668492431783e-02 3.771871785053508303e-03 5.419214219645284054e-03 7.683801958898296789e-04 4.343075049849954845e-04
3.399999999999999911e+00 2.429858860430327117e-06 -2.245680668038996589e-02 2.178617377537466274e-02 2.998684323445436825e-03 5.010441353889521880e-03 7.262960871665531367e-04 4.550089760240984748e-04
3.600000000000000089e+00 1.744162326814736523e-06 -2.467949497810200538e-02 1.898829231216901670e-02 2.267473519287573330e-03 4.598112374354224388e-03 6.751232194070203507e-04 4.901875314185185663e-04
3.799999999999999822e+00 1.265862690217231126e-06 -2.655365114761715217e-02 1.637279708492545699e-02 1.581908538861296872e-03 4.182607894097065127e-03 6.177283696821161962e-04 5.313851172112842936e-04
4.000000000000000000e+00 9.287137961070134693e-07 -2.813041171987785624e-02 1.394118826493754605e-02 9.441299029019287192e-04 3.769346574664011931e-03 5.583445100596361350e-04 5.763327232468218450e-04
4.200000000000000178e+00 6.993785889873080286e-07 nan nan nan nan nan nan
4.400000000000000355e+00 5.294616555641430002e-07 nan nan nan nan nan nan
4.600000000000000533e+00 4.033718167024035155e-07 nan nan nan nan nan nan
4.800000000000000711e+00 3.094122433312797203e-07 nan nan nan nan nan nan
5.000000000000000888e+00 2.390255747406001627e-07 nan nan nan nan nan nan
5.200000000000001066e+00 1.885674358278024010e-07 nan nan nan nan nan nan
5.400000000000001243e+00 1.494437215990445620e-07 nan nan nan nan nan nan
5.600000000000001421e+00 1.190446739085595245e-07 nan nan nan nan nan nan
5.800000000000001599e+00 9.532955379527963165e-08 nan nan nan nan nan nan
6.000000000000001776e+00 7.671758096359498839e-08 nan nan nan nan nan nan
6.200000000000001954e+00 6.279951004848113759e-08 nan nan nan nan nan nan
6.400000000000002132e+00 5.158194082647844109e-08 nan nan nan nan nan nan
6.600000000000002309e+00 4.252071836347654509e-08 nan nan nan nan nan nan
6.800000000000002487e+00 3.517973350903329613e-08 nan nan nan nan nan nan
7.000000000000002665e+00 2.921409364168129967e-08 nan nan nan nan nan nan
7.200000000000002842e+00 2.456865936789315372e-08 nan nan nan nan nan nan
7.400000000000003020e+00 2.071204097357719130e-08 nan nan nan nan nan nan
7.600000000000003197e+00 1.750414545021016011e-08 nan nan nan nan nan nan
7.800000000000003375e+00 1.482917851046083767e-08 nan nan nan nan nan nan
8.000000000000003553e+00 1.259288996137970020e-08 nan nan nan nan nan nan
8.200000000000002842e+00 1.080495641073242109e-08 nan nan nan nan nan nan
8.400000000000003908e+00 9.282326745961445276e-09 nan nan nan nan nan nan
8.600000000000004974e+00 7.985979318256117187e-09 nan nan nan nan nan nan
8.800000000000004263e+00 6.882037541399766354e-09 nan nan nan nan nan nan
9.000000000000003553e+00 5.941293459730690642e-09 nan nan nan nan nan nan
9.200000000000004619e+00 5.171268297974299971e-09 nan nan nan nan nan nan
9.400000000000005684e+00 4.505021446616532545e-09 nan nan nan nan nan nan
9.600000000000004974e+00 3.928630487952224871e-09 nan nan nan nan nan nan
9.800000000000004263e+00 3.429832546714661450e-09 nan nan nan nan nan nan
1.000000000000000533e+01 2.997937349811245731e-09 nan nan nan nan nan nan
1.020000000000000639e+01 2.637706569188246933e-09 nan nan nan nan nan nan
1.040000000000000568e+01 2.322426231182934213e-09 nan nan nan nan nan nan
1.060000000000000497e+01 2.046422525237215578e-09 nan nan nan nan nan nan
1.080000000000000604e+01 1.804709679715499797e-09 nan nan nan nan nan nan
1.100000000000000711e+01 1.592973230307340452e-09 nan nan nan nan nan nan
1.120000000000000639e+01 1.414130554384184762e-09 nan nan nan nan nan nan
1.140000000000000568e+01 1.255876730773970898e-09 nan nan nan nan nan nan
1.160000000000000675e+01 1.115884153710856467e-09 nan nan nan nan nan nan
1.180000000000000782e+01 9.920825893182907916e-10 nan nan nan nan nan nan
1.200000000000000711e+01 8.826557819758884479e-10 nan nan nan nan nan nan
1.220000000000000639e+01 7.890130608628638724e-10 nan nan nan nan nan nan
1.240000000000000568e+01 7.056231595015299031e-10 nan nan nan nan nan nan
1.260000000000000853e+01 6.313363662370954998e-10 nan nan nan nan nan nan
1.280000000000000782e+01 5.651351495867747692e-10 nan nan nan nan nan nan
1.300000000000000711e+01 5.061334342244951053e-10 nan nan nan nan nan nan
1.320000000000000639e+01 4.552121754739655918e-10 nan nan nan nan nan nan
1.340000000000000924e+01 4.095530112482716532e-10 nan nan nan nan nan nan
1.360000000000000853e+01 3.685943558927741519e-10 nan nan nan nan nan nan
1.380000000000000782e+01 3.318345608159841818e-10 nan nan nan nan nan nan
1.400000000000000711e+01 2.988317526314193965e-10 nan nan nan nan nan nan
1.420000000000000995e+01 2.701690271024902594e-10 nan nan nan nan nan nan
1.440000000000000924e+01 2.443039686990660929e-10 nan nan nan nan nan nan
1.460000000000000853e+01 2.209688491873376050e-10 nan nan nan nan nan nan
1.480000000000000782e+01 1.999170722534339573e-10 nan nan nan nan nan nan
1.500000000000001066e+01 1.809231357937448227e-10 nan nan nan nan nan nan
1.520000000000000995e+01 1.643052668711198457e-10 nan nan nan nan nan nan
1.540000000000000924e+01 1.492332449585915361e-10 nan nan nan nan nan nan
1.560000000000000853e+01 1.355628068631827175e-10 nan nan nan nan nan nan
1.580000000000001137e+01 1.231638243430163437e-10 nan nan nan nan nan nan
1.600000000000001066e+01 1.119202950101718614e-10 nan nan nan nan nan nan
1.620000000000000995e+01 1.020231173879805714e-10 nan nan nan nan nan nan
1.640000000000000924e+01 9.303638951210128650e-11 nan nan nan nan nan nan
1.660000000000001208e+01 8.484396086849135600e-11 nan nan nan nan nan nan
1.680000000000001137e+01 7.736628547971575236e-11 nan nan nan nan nan nan
1.700000000000001066e+01 7.056041964743814546e-11 nan nan nan nan nan nan
1.720000000000000995e+01 6.454283706383394827e-11 nan nan nan nan nan nan
1.740000000000001279e+01 5.903772693660628361e-11 nan nan nan nan nan nan
1.760000000000001208e+01 5.400783559265453973e-11 nan nan nan nan nan nan
1.780000000000001137e+01 4.941230492272763692e-11 nan nan nan nan nan nan
1.800000000000001066e+01 4.520667180864594652e-11 nan nan nan nan nan nan
1.820000000000001350e+01 4.147165608390887774e-11 nan nan nan nan nan nan
1.840000000000001279e+01 3.804461233119064992e-11 nan nan nan nan nan nan
1.860000000000001208e+01 3.490081336470161968e-11 nan nan nan nan nan nan
1.880000000000001137e+01 3.201852884747589575e-11 nan nan nan nan nan nan
1.900000000000001421e+01 2.937902514355439612e-11 nan nan nan nan nan nan
1.920000000000001350e+01 2.702529506863212610e-11 nan nan nan nan nan nan
1.940000000000001279e+01 2.485790615509284122e-11 nan nan nan nan nan nan
1.960000000000001208e+01 2.286319178574164854e-11 nan nan nan nan nan nan
1.980000000000001492e+01 2.102926950286203102e-11 nan nan nan nan nan nan
