2.000000000000000111e-01 nan nan nan nan nan nan nan
4.000000000000000222e-01 nan nan nan nan nan nan nan
5.999999999999999778e-01 5.825606889916046943e-02 2.795562415691788091e-04 2.586573328472604148e-03 2.883928666782343869e-04 2.451175175282031243e-05 7.741146558721763549e-06 3.106121498125959362e-06
8.000000000000000444e-01 3.149556301327040980e-02 2.932314860034452501e-04 2.435656819194574173e-03 1.909295434542034064e-04 1.002613771850837080e-05 1.573814517973900599e-06 3.689189401455560326e-06
1.000000000000000000e+00 1.890318989604898581e-02 3.616088495096422893e-04 2.543748867364186740e-03 1.529487469868571895e-04 7.111946334353875314e-06 -8.676831317867795076e-06 3.464668662816224325e-06
1.199999999999999956e+00 1.202043977973913519e-02 4.587485617372530464e-04 2.816886812208101339e-03 1.686249287698354034e-04 2.295447452396195436e-05 -1.860308197508164823e-05 -8.798219297164648391e-08
1.399999999999999911e+00 7.914188500911693153e-03 5.566574854480712880e-04 3.165310151332566876e-03 2.133173783516036591e-04 5.223893591170818314e-05 -2.835160536362944016e-05 -6.234570491125786288e-06
1.600000000000000089e+00 5.330721882015119865e-03 6.348806125380901215e-04 3.534567489168909549e-03 2.689372964271786104e-04 8.363756745739613476e-05 -3.948661211918732926e-05 -1.511268906913468354e-05
1.800000000000000044e+00 3.649356169377360095e-03 6.811368656886436458e-04 3.897222710291488052e-03 3.280981607692374158e-04 1.087768141979391620e-04 -5.355303725844283880e-05 -2.719211367529721606e-05
2.000000000000000000e+00 2.529714570950883541e-03 6.907364196394436993e-04 4.240303256405258091e-03 3.872455859024460088e-04 1.253385343259573524e-04 -7.110003824189959005e-05 -4.235031411848694466e-05
2.200000000000000178e+00 1.771643904192348211e-03 6.610928227439085434e-04 4.557930999837768102e-03 4.461439829071620479e-04 1.329657317359620502e-04 -9.088955118229678830e-05 -5.951944295971268951e-05
2.399999999999999911e+00 1.251727943063898245e-03 5.927655443616255265e-04 4.848696243344997360e-03 5.048077131432785001e-04 1.325800655048457505e-04 -1.109832561926890160e-04 -7.763786639977080396e-05
2.600000000000000089e+00 8.913535262367927505e-04 4.877877808846759833e-04 5.112211475130910496e-03 5.626447550763037306e-04 1.248301702507219769e-04 -1.297711907891836475e-04 -9.569320048316284704e-05
2.799999999999999822e+00 6.392814301445816361e-04 3.503234447603385164e-04 5.349112073295767510e-03 6.194696468179248378e-04 1.109897769424062348e-04 -1.457107997074420715e-04 -1.130054631735530118e-04
3.000000000000000000e+00 4.615327688195352824e-04 1.846049789936199728e-04 5.560081549494793988e-03 6.754137323576516611e-04 9.247068405752294771e-05 -1.582395344094723367e-04 -1.285730506291034390e-04
3.200000000000000178e+00 3.352675361406021160e-04 -4.230778359530128447e-06 5.745877225640790703e-03 7.312244755710445038e-04 7.167988394726983496e-05 -1.669218994060552442e-04 -1.418229836926448626e-04
3.399999999999999911e+00 2.449622835878178780e-04 -2.129463348719283814e-04 5.907907879436078216e-03 7.872369035013037980e-04 5.008332850042314719e-05 -1.712931975063848242e-04 -1.525876627827703791e-04
3.600000000000000089e+00 1.799640877043406841e-04 -4.386100459945730355e-04 6.047379102396202924e-03 8.431831868843113649e-04 2.822316243242782314e-05 -1.714853469368427278e-04 -1.609401702599446392e-04
3.799999999999999822e+00 1.329004606079040366e-04 -6.773168433129240140e-04 6.165959498961873925e-03 8.988559901895146372e-04 6.780082239788013541e-06 -1.682772218509938627e-04 -1.671976146120014619e-04
4.000000000000000000e+00 9.862953166232860363e-05 -9.255553033569655216e-04 6.265545108141328326e-03 9.542946581086602948e-04 -1.340569648786321032e-05 -1.620554116991654878e-04 -1.711873054684193575e-04
4.200000000000000178e+00 7.320295166898654340e-05 nan nan nan nan nan nan
4.400000000000000355e+00 5.433645386836102208e-05 nan nan nan nan nan nan
4.600000000000000533e+00 4.033620271645412512e-05 nan nan nan nan nan nan
4.800000000000000711e+00 2.994606043996122025e-05 nan nan nan nan nan nan
5.000000000000000888e+00 2.223439411042361485e-05 nan nan nan nan nan nan
5.200000000000001066e+00 1.651017863215898757e-05 nan nan nan nan nan nan
5.400000000000001243e+00 1.226080744336478532e-05 nan nan nan nan nan nan
5.600000000000001421e+00 9.105989782323745447e-06 nan nan nan nan nan nan
5.800000000000001599e+00 6.763570106037186131e-06 nan nan nan nan nan nan
6.000000000000001776e+00 5.024184166071979648e-06 nan nan nan nan nan nan
6.200000000000001954e+00 3.732465415100403323e-06 nan nan nan nan nan nan
6.400000000000002132e+00 2.773107430640887815e-06 nan nan nan nan nan nan
6.600000000000002309e+00 2.060526640350480293e-06 nan nan nan nan nan nan
6.800000000000002487e+00 1.531194603781015897e-06 nan nan nan nan nan nan
7.000000000000002665e+00 1.137949909526328945e-06 nan nan nan nan nan nan
7.200000000000002842e+00 8.457782003585979916e-07 nan nan nan nan nan nan
7.400000000000003020e+00 6.286810991562376143e-07 nan nan nan nan nan nan
7.600000000000003197e+00 4.673528419738343039e-07 nan nan nan nan nan nan
7.800000000000003375e+00 3.474560957451338101e-07 nan nan nan nan nan nan
8.000000000000003553e+00 2.583423135522950172e-07 nan nan nan nan nan nan
8.200000000000002842e+00 1.921019252852920004e-07 nan nan nan nan nan nan
8.400000000000003908e+00 1.428592806963911871e-07 nan nan nan nan nan nan
8.600000000000004974e+00 1.062492266005303983e-07 nan nan nan nan nan nan
8.800000000000004263e+00 7.902848995264225757e-08 nan nan nan nan nan nan
9.000000000000003553e+00 5.878712101296693402e-08 nan nan nan nan nan nan
9.200000000000004619e+00 4.373421338384510797e-08 nan nan nan nan nan nan
9.400000000000005684e+00 3.253876660861001657e-08 nan nan nan nan nan nan
9.600000000000004974e+00 2.421148999654249578e-08 nan nan nan nan nan nan
9.800000000000004263e+00 1.801700656563908006e-08 nan nan nan nan nan nan
1.000000000000000533e+01 1.340863211044645206e-08 nan nan nan nan nan nan
1.020000000000000639e+01 9.979920116919177102e-09 nan nan nan nan nan nan
1.040000000000000568e+01 7.428659311533093544e-09 nan nan nan nan nan nan
1.060000000000000497e+01 5.530121116667012984e-09 nan nan nan nan nan nan
1.080000000000000604e+01 4.117178641041622827e-09 nan nan nan nan nan nan
1.100000000000000711e+01 3.065530843694975554e-09 nan nan nan nan nan nan
1.120000000000000639e+01 2.282719913630879897e-09 nan nan nan nan nan nan
1.140000000000000568e+01 1.699967323318472973e-09 nan nan nan nan nan nan
1.160000000000000675e+01 1.266104584745959036e-09 nan nan nan nan nan nan
1.180000000000000782e+01 9.430608316631119939e-10 nan nan nan nan nan nan
1.200000000000000711e+01 7.025075743504528456e-10 nan nan nan nan nan nan
1.220000000000000639e+01 5.233636481929657032e-10 nan nan nan nan nan nan
1.240000000000000568e+01 3.899396536581565680e-10 nan nan nan nan nan nan
1.260000000000000853e+01 2.905578555394499582e-10 nan nan nan nan nan nan
1.280000000000000782e+01 2.165256169604937480e-10 nan nan nan nan nan nan
1.300000000000000711e+01 1.613717337118293645e-10 nan nan nan nan nan nan
1.320000000000000639e+01 1.202782882154068700e-10 nan nan nan nan nan nan
1.340000000000000924e+01 8.965792538803899581e-11 nan nan nan nan nan nan
1.360000000000000853e+01 6.683929916906095840e-11 nan nan nan nan nan nan
1.380000000000000782e+01 4.983298820141052092e-11 nan nan nan nan nan nan
1.400000000000000711e+01 3.715727880799251341e-11 nan nan nan nan nan nan
1.420000000000000995e+01 2.770849206245754437e-11 nan nan nan nan nan nan
1.440000000000000924e+01 2.066445684623360633e-11 nan nan nan nan nan nan
1.460000000000000853e+01 1.541264966510903668e-11 nan nan nan nan nan nan
1.480000000000000782e+01 1.149669281508122595e-11 nan nan nan nan nan nan
1.500000000000001066e+01 8.576517105371274926e-12 nan nan nan nan nan nan
1.520000000000000995e+01 6.398696384387162767e-12 nan nan nan nan nan nan
1.540000000000000924e+01 4.774354592088649921e-12 nan nan nan nan nan nan
1.560000000000000853e+01 3.562710800749599644e-12 nan nan nan nan nan nan
1.580000000000001137e+01 2.658822310754889525e-12 nan nan nan nan nan nan
1.600000000000001066e+01 1.984453917137670830e-12 nan nan nan nan nan nan
1.620000000000000995e+01 1.481275363476667128e-12 nan nan nan nan nan nan
1.640000000000000924e+01 1.105792854836887646e-12 nan nan nan nan nan nan
1.660000000000001208e+01 8.255722378504574670e-13 nan nan nan nan nan nan
1.680000000000001137e+01 6.164244092135919740e-13 nan nan nan nan nan nan
1.700000000000001066e+01 4.603076044790795310e-13 nan nan nan nan nan nan
1.720000000000000995e+01 3.437638280417211077e-13 nan nan nan nan nan nan
1.740000000000001279e+01 2.567533046235532243e-13 nan nan nan nan nan nan
1.760000000000001208e+01 1.917855491630473215e-13 nan nan nan nan nan nan
1.780000000000001137e+01 1.432715072234032545e-13 nan nan nan nan nan nan
1.800000000000001066e+01 1.070404755228952523e-13 nan nan nan nan nan nan
1.820000000000001350e+01 7.997985690237647908e-14 nan nan nan nan nan nan
1.840000000000001279e+01 5.976649028135637509e-14 nan nan nan nan nan nan
1.860000000000001208e+01 4.466625771989238575e-14 nan nan nan nan nan nan
1.880000000000001137e+01 3.338460286635246973e-14 nan nan nan nan nan nan
1.900000000000001421e+01 2.495501554212831181e-14 nan nan nan nan nan nan
1.920000000000001350e+01 1.865583152867246758e-14 nan nan nan nan nan nan
1.940000000000001279e+01 1.394815191094907354e-14 nan nan nan nan nan nan
1.960000000000001208e+01 1.042951645849099720e-14 nan nan nan nan nan nan
1.980000000000001492e+01 7.799329797825425735e-15 nan nan nan nan nan nan
