2.000000000000000111e-01 1.201384142541547018e+00 4.642601179409736739e-02 6.598339933059743645e-02 1.312797050394449126e-02 5.357658182830627759e-03 1.280836323609701576e-03 3.116566350895140719e-04
4.000000000000000222e-01 2.569160588330283712e-01 3.972985056889626054e-02 8.001764172319116020e-02 1.864180837549113748e-02 9.628160856065378498e-03 3.050203243807122523e-03 1.260508463783801538e-03
5.999999999999999778e-01 9.789511443613585495e-02 3.126243590454765714e-02 8.141677559511574513e-02 2.076328201632600748e-02 1.120223138551166078e-02 3.721911983702156246e-03 1.612794224395673560e-03
8.000000000000000444e-01 4.460100088381802053e-02 2.362525310411460813e-02 8.266512326613435768e-02 2.328082109671573627e-02 1.330103311603157527e-02 4.576327745251029117e-03 2.006510613174101749e-03
1.000000000000000000e+00 1.998169774731274953e-02 1.834518056325725593e-02 9.254502969104713705e-02 2.826535748729877909e-02 1.740008487255720673e-02 6.355834153474389757e-03 2.876574852680066109e-03
1.199999999999999956e+00 1.026033279966798335e-02 1.106616297329652936e-02 9.412437412830121364e-02 3.076263753857467684e-02 2.022033773490642186e-02 7.963431887687834679e-03 3.798401728957457625e-03
1.399999999999999911e+00 5.475663399967144011e-03 4.064499674265420470e-03 9.508180086029928424e-02 3.268461623896172508e-02 2.263957639304885541e-02 9.579338950554322496e-03 4.814705476459593854e-03
1.600000000000000089e+00 3.061964535225406882e-03 -2.702905121929544824e-03 9.416140865371676327e-02 3.364566656107111781e-02 2.423218585769350633e-02 1.094875162053833909e-02 5.734759428135861696e-03
1.800000000000000044e+00 1.790923966143287372e-03 -9.036741500979272868e-03 9.137792036755087999e-02 3.366926048789344039e-02 2.494975168541116450e-02 1.197383908232937770e-02 6.455364710128932981e-03
2.000000000000000000e+00 1.094009695898747652e-03 -1.473354376447146181e-02 8.687037258158133990e-02 3.283385724460820276e-02 2.484502381434041882e-02 1.261357490501557703e-02 6.931037609258047794e-03
2.200000000000000178e+00 7.087346338042565088e-04 -1.925658475150373791e-02 7.952173483459870629e-02 3.077894415135609685e-02 2.364936036633200067e-02 1.267086019325844304e-02 7.051922339853282200e-03
2.399999999999999911e+00 4.686990195070509153e-04 -2.313228590528512707e-02 7.277105704180136803e-02 2.874570503674324720e-02 2.236358127778163493e-02 1.259751336137984908e-02 7.073831147162967618e-03
2.600000000000000089e+00 3.167277854443964176e-04 -2.640234861505358702e-02 6.640045129708452287e-02 2.671420640032029156e-02 2.100329137307223662e-02 1.239927149757012216e-02 7.009958078789543627e-03
2.799999999999999822e+00 2.185163229440858948e-04 -2.910230085472162442e-02 6.038222368909933885e-02 2.471731209907715443e-02 1.961539460297670109e-02 1.210242085140857474e-02 6.882064321111417207e-03
3.000000000000000000e+00 1.535721494408076690e-04 -3.129429143737427754e-02 5.477744614748593366e-02 2.281154840732611822e-02 1.826052350149173428e-02 1.174462106500616908e-02 6.715872122843345206e-03
3.200000000000000178e+00 1.113546162361499361e-04 -3.255645535342269192e-02 4.889900746704777673e-02 2.076663908708083553e-02 1.675297102555768636e-02 1.121593697298456545e-02 6.450193445442402480e-03
3.399999999999999911e+00 8.181206079436901884e-05 -3.344502335168463708e-02 4.368535153215434563e-02 1.894432231781775083e-02 1.539827963696028916e-02 1.070564641369590834e-02 6.190552412242108712e-03
3.600000000000000089e+00 6.090163352846796567e-05 -3.397283968387168618e-02 3.901697628391570527e-02 1.731272826424978123e-02 1.417419831585135272e-02 1.020982456277854875e-02 5.934753941759433535e-03
3.799999999999999822e+00 4.590316519361305853e-05 -3.417153276607004520e-02 3.482890386906478675e-02 1.585469793990244500e-02 1.307027731810739800e-02 9.730290644065367825e-03 5.682219614800415076e-03
4.000000000000000000e+00 3.501243048372928703e-05 -3.407273293785800100e-02 3.106419633234732552e-02 1.455280507060741080e-02 1.207488226933625154e-02 9.267594071256664290e-03 5.433117096952740435e-03
4.200000000000000178e+00 2.724215916251305857e-05 nan nan nan nan nan nan
4.400000000000000355e+00 2.132754301251413556e-05 nan nan nan nan nan nan
4.600000000000000533e+00 1.681330105359094771e-05 nan nan nan nan nan nan
4.800000000000000711e+00 1.335369011468186753e-05 nan nan nan nan nan nan
5.000000000000000888e+00 1.068960404667375263e-05 nan nan nan nan nan nan
5.200000000000001066e+00 8.695654200812232926e-06 nan nan nan nan nan nan
5.400000000000001243e+00 7.121458034340071387e-06 nan nan nan nan nan nan
5.600000000000001421e+00 5.872022192047475236e-06 nan nan nan nan nan nan
5.800000000000001599e+00 4.873919201234449956e-06 nan nan nan nan nan nan
6.000000000000001776e+00 4.071067815532984159e-06 nan nan nan nan nan nan
6.200000000000001954e+00 3.446943253012887257e-06 nan nan nan nan nan nan
6.400000000000002132e+00 2.932825618618805502e-06 nan nan nan nan nan nan
6.600000000000002309e+00 2.507516415464985157e-06 nan nan nan nan nan nan
6.800000000000002487e+00 2.153981457665651866e-06 nan nan nan nan nan nan
7.000000000000002665e+00 1.858557004579484434e-06 nan nan nan nan nan nan
7.200000000000002842e+00 1.618865142608566117e-06 nan nan nan nan nan nan
7.400000000000003020e+00 1.414769199101045063e-06 nan nan nan nan nan nan
7.600000000000003197e+00 1.240599833479788004e-06 nan nan nan nan nan nan
7.800000000000003375e+00 1.091469961238595453e-06 nan nan nan nan nan nan
8.000000000000003553e+00 9.631222966672325506e-07 nan nan nan nan nan nan
8.200000000000002842e+00 8.562188582657776174e-07 nan nan nan nan nan nan
8.400000000000003908e+00 7.623267751937677057e-07 nan nan nan nan nan nan
8.600000000000004974e+00 6.804763528389694760e-07 nan nan nan nan nan nan
8.800000000000004263e+00 6.090440871307768664e-07 nan nan nan nan nan nan
9.000000000000003553e+00 5.457227907084874755e-07 nan nan nan nan nan nan
9.200000000000004619e+00 4.918755978529039417e-07 nan nan nan nan nan nan
9.400000000000005684e+00 4.439352004441398154e-07 nan nan nan nan nan nan
9.600000000000004974e+00 4.012643792401288484e-07 nan nan nan nan nan nan
9.800000000000004263e+00 3.632434156511602464e-07 nan nan nan nan nan nan
1.000000000000000533e+01 3.292641228681267100e-07 nan nan nan nan nan nan
1.020000000000000639e+01 2.998478232040316742e-07 nan nan nan nan nan nan
1.040000000000000568e+01 2.733342160454833072e-07 nan nan nan nan nan nan
1.060000000000000497e+01 2.494290308935916544e-07 nan nan nan nan nan nan
1.080000000000000604e+01 2.278651161104216302e-07 nan nan nan nan nan nan
1.100000000000000711e+01 2.084012239300534020e-07 nan nan nan nan nan nan
1.120000000000000639e+01 1.913211184344563286e-07 nan nan nan nan nan nan
1.140000000000000568e+01 1.757795565799768333e-07 nan nan nan nan nan nan
1.160000000000000675e+01 1.616350008196118747e-07 nan nan nan nan nan nan
1.180000000000000782e+01 1.487579047275124263e-07 nan nan nan nan nan nan
1.200000000000000711e+01 1.370304613097283785e-07 nan nan nan nan nan nan
1.220000000000000639e+01 1.265898423228583405e-07 nan nan nan nan nan nan
1.240000000000000568e+01 1.170501952794354135e-07 nan nan nan nan nan nan
1.260000000000000853e+01 1.083146458544202757e-07 nan nan nan nan nan nan
1.280000000000000782e+01 1.003033519340446823e-07 nan nan nan nan nan nan
1.300000000000000711e+01 9.295345062069747504e-08 nan nan nan nan nan nan
1.320000000000000639e+01 8.637714089237925125e-08 nan nan nan nan nan nan
1.340000000000000924e+01 8.031163688287698726e-08 nan nan nan nan nan nan
1.360000000000000853e+01 7.471675573695265589e-08 nan nan nan nan nan nan
1.380000000000000782e+01 6.955485115460985554e-08 nan nan nan nan nan nan
1.400000000000000711e+01 6.479080206420808587e-08 nan nan nan nan nan nan
1.420000000000000995e+01 6.049607732312430489e-08 nan nan nan nan nan nan
1.440000000000000924e+01 5.651340998624557746e-08 nan nan nan nan nan nan
1.460000000000000853e+01 5.281994110005707405e-08 nan nan nan nan nan nan
1.480000000000000782e+01 4.939417925798890425e-08 nan nan nan nan nan nan
1.500000000000001066e+01 4.621599814628348441e-08 nan nan nan nan nan nan
1.520000000000000995e+01 4.333216510725801872e-08 nan nan nan nan nan nan
1.540000000000000924e+01 4.064573818784190553e-08 nan nan nan nan nan nan
1.560000000000000853e+01 3.814308660222389556e-08 nan nan nan nan nan nan
1.580000000000001137e+01 3.581137310316773812e-08 nan nan nan nan nan nan
1.600000000000001066e+01 3.363855344372349091e-08 nan nan nan nan nan nan
1.620000000000000995e+01 3.165601209430643106e-08 nan nan nan nan nan nan
1.640000000000000924e+01 2.980153669291955961e-08 nan nan nan nan nan nan
1.660000000000001208e+01 2.806250883011133651e-08 nan nan nan nan nan nan
1.680000000000001137e+01 2.643334694600350312e-08 nan nan nan nan nan nan
1.700000000000001066e+01 2.491550621091697189e-08 nan nan nan nan nan nan
1.720000000000000995e+01 2.352348964303071517e-08 nan nan nan nan nan nan
1.740000000000001279e+01 2.221664042809117689e-08 nan nan nan nan nan nan
1.760000000000001208e+01 2.098937389544594253e-08 nan nan nan nan nan nan
1.780000000000001137e+01 1.983676554529394261e-08 nan nan nan nan nan nan
1.800000000000001066e+01 1.875455102195153778e-08 nan nan nan nan nan nan
1.820000000000001350e+01 1.775754157900930799e-08 nan nan nan nan nan nan
1.840000000000001279e+01 1.681874442358724824e-08 nan nan nan nan nan nan
1.860000000000001208e+01 1.593469455506320677e-08 nan nan nan nan nan nan
1.880000000000001137e+01 1.510208527424427006e-08 nan nan nan nan nan nan
1.900000000000001421e+01 1.431776817732737327e-08 nan nan nan nan nan nan
1.920000000000001350e+01 1.359234564058659898e-08 nan nan nan nan nan nan
1.940000000000001279e+01 1.290729258411461011e-08 nan nan nan nan nan nan
1.960000000000001208e+01 1.226029648176359950e-08 nan nan nan nan nan nan
1.980000000000001492e+01 1.164926118647671980e-08 nan nan nan nan nan nan
