2.000000000000000111e-01 nan nan nan nan nan nan nan
4.000000000000000222e-01 2.629580116651076827e-01 3.083094548828183078e-04 1.936026284235450911e-03 1.985510516462903974e-04 6.932367325453961567e-05 -1.089739041905327173e-05 -9.291370026315391870e-07
5.999999999999999778e-01 1.167531011418251330e-01 2.327660551010683212e-04 1.730874558489888535e-03 1.496264323964027342e-04 5.723617287328747481e-05 -1.345455734437647497e-05 -1.230160800671809136e-06
8.000000000000000444e-01 6.397350780740920784e-02 2.067970923427215420e-04 1.620060207127735309e-03 9.716846677879466872e-05 2.892212647625981247e-05 -1.470669828627872728e-05 -2.067310834653293863e-06
1.000000000000000000e+00 3.905408899353759317e-02 2.539259957322529499e-04 1.643246439000270280e-03 6.945277405600658663e-05 -6.424258479948869280e-07 -1.157756189371388748e-05 -2.511939977712662289e-06
1.199999999999999956e+00 2.533181859337558725e-02 3.501781370203905651e-04 1.767757559153633994e-03 6.819502035198259798e-05 -2.211797789435159353e-05 -1.328053673748234832e-06 -2.854459152817681561e-06
1.399999999999999911e+00 1.704025553702074453e-02 4.669667882813094504e-04 1.952925838613379797e-03 8.294438408698977662e-05 -3.348566238840026266e-05 1.472741801019902365e-05 -1.147045998963907168e-06
1.600000000000000089e+00 1.173384247022161639e-02 5.800772394477172111e-04 2.169279856761644355e-03 1.071423837681310281e-04 -3.591960239217792113e-05 3.438582734744512822e-05 4.364588376627811371e-06
1.800000000000000044e+00 8.211051522219235330e-03 6.715190159530545029e-04 2.398137770327340382e-03 1.373953993468851316e-04 -3.370891793514444330e-05 5.541030008122279607e-05 1.212225968743820482e-05
2.000000000000000000e+00 5.814673622348846306e-03 7.295003184887726864e-04 2.628140301721901100e-03 1.722479811215018241e-04 -2.871286357777100189e-05 7.546944713786225042e-05 1.920722318786415999e-05
2.200000000000000178e+00 4.156497949693548945e-03 7.480546366291947321e-04 2.854252193688637876e-03 2.095459412707829428e-04 -2.135172404407778180e-05 9.336100374647217013e-05 2.329779775992140326e-05
2.399999999999999911e+00 2.994522549100132880e-03 7.239796732347226647e-04 3.074080996348317954e-03 2.475297701891790024e-04 -1.084371124484807793e-05 1.080151178001856777e-04 2.305591116801329550e-05
2.600000000000000089e+00 2.172135883533256057e-03 6.561807398279881744e-04 3.287266777662982246e-03 2.849068148157222992e-04 2.252240394851754735e-06 1.183334766940033695e-04 1.864203730968512187e-05
2.799999999999999822e+00 1.585289276346552555e-03 5.465525066411188772e-04 3.493734309781451434e-03 3.202674984153706093e-04 1.732648851003295559e-05 1.237385467672270348e-04 1.098530985871131843e-05
3.000000000000000000e+00 1.163532816802268725e-03 3.982968117765674308e-04 3.694383417059147069e-03 3.522161064427735714e-04 3.383698339065972842e-05 1.236921085006896417e-04 8.726875086679269051e-07
3.200000000000000178e+00 8.584879794369809636e-04 2.151957270483026408e-04 3.889976199994377246e-03 3.800242743734020016e-04 5.084505585475336358e-05 1.185368656255168817e-04 -1.069637379414460737e-05
3.399999999999999911e+00 6.365666747665427476e-04 1.642201963845066085e-06 4.081376585696063104e-03 4.034105612291079344e-04 6.793480052000830415e-05 1.091578101205225844e-04 -2.240461876364726462e-05
3.600000000000000089e+00 4.742380391641209838e-04 -2.383300187106818788e-04 4.269535161848756269e-03 4.217847639582422876e-04 8.482944529701350674e-05 9.624492909907605813e-05 -3.395459405740663348e-05
3.799999999999999822e+00 3.548902540085118818e-04 -5.015570528976473312e-04 4.454685748010805101e-03 4.348420991738622733e-04 1.011728452202264499e-04 8.033717628701796956e-05 -4.533234768610062585e-05
4.000000000000000000e+00 2.667158474413585658e-04 -7.847535784057724012e-04 4.637184317689680042e-03 4.431106003986192538e-04 1.169044155261218836e-04 6.207510808385506226e-05 -5.667396995204964554e-05
4.200000000000000178e+00 2.004579747799309223e-04 nan nan nan nan nan nan
4.400000000000000355e+00 1.506668253145359074e-04 nan nan nan nan nan nan
4.600000000000000533e+00 1.132483103147068570e-04 nan nan nan nan nan nan
4.800000000000000711e+00 8.512666770527670048e-05 nan nan nan nan nan nan
5.000000000000000888e+00 6.399106809648075634e-05 nan nan nan nan nan nan
5.200000000000001066e+00 4.810529974477884419e-05 nan nan nan nan nan nan
5.400000000000001243e+00 3.616482335901930503e-05 nan nan nan nan nan nan
5.600000000000001421e+00 2.718940144029209023e-05 nan nan nan nan nan nan
5.800000000000001599e+00 2.044244513720937879e-05 nan nan nan nan nan nan
6.000000000000001776e+00 1.537042764250225448e-05 nan nan nan nan nan nan
6.200000000000001954e+00 1.155736950960333640e-05 nan nan nan nan nan nan
6.400000000000002132e+00 8.690644954811309837e-06 nan nan nan nan nan nan
6.600000000000002309e+00 6.535292085928622453e-06 nan nan nan nan nan nan
6.800000000000002487e+00 4.914711269917375478e-06 nan nan nan nan nan nan
7.000000000000002665e+00 3.696162479290166618e-06 nan nan nan nan nan nan
7.200000000000002842e+00 2.779867950879353023e-06 nan nan nan nan nan nan
7.400000000000003020e+00 2.090823517640873205e-06 nan nan nan nan nan nan
7.600000000000003197e+00 1.572645059807186466e-06 nan nan nan nan nan nan
7.800000000000003375e+00 1.182944080381516087e-06 nan nan nan nan nan nan
8.000000000000003553e+00 8.898522682399349060e-07 nan nan nan nan nan nan
8.200000000000002842e+00 6.694094522364584397e-07 nan nan nan nan nan nan
8.400000000000003908e+00 5.036003679913210832e-07 nan nan nan nan nan nan
8.600000000000004974e+00 3.788790101877325946e-07 nan nan nan nan nan nan
8.800000000000004263e+00 2.850594240489004441e-07 nan nan nan nan nan nan
9.000000000000003553e+00 2.144819023608858679e-07 nan nan nan nan nan nan
9.200000000000004619e+00 1.613861790588887224e-07 nan nan nan nan nan nan
9.400000000000005684e+00 1.214402098026671594e-07 nan nan nan nan nan nan
9.600000000000004974e+00 9.138590333061862554e-08 nan nan nan nan nan nan
9.800000000000004263e+00 6.877276572721637585e-08 nan nan nan nan nan nan
1.000000000000000533e+01 5.175763259097001798e-08 nan nan nan nan nan nan
1.020000000000000639e+01 3.895408456509490691e-08 nan nan nan nan nan nan
1.040000000000000568e+01 2.931921537643695808e-08 nan nan nan nan nan nan
1.060000000000000497e+01 2.206848318719112938e-08 nan nan nan nan nan nan
1.080000000000000604e+01 1.661167721967770013e-08 nan nan nan nan nan nan
1.100000000000000711e+01 1.250476125098268160e-08 nan nan nan nan nan nan
1.120000000000000639e+01 9.413655694031275024e-09 nan nan nan nan nan nan
1.140000000000000568e+01 7.086997289867272414e-09 nan nan nan nan nan nan
1.160000000000000675e+01 5.335650117947046486e-09 nan nan nan nan nan nan
1.180000000000000782e+01 4.017293946467428319e-09 nan nan nan nan nan nan
1.200000000000000711e+01 3.024831180089065091e-09 nan nan nan nan nan nan
1.220000000000000639e+01 2.277665854120596887e-09 nan nan nan nan nan nan
1.240000000000000568e+01 1.715142853993923107e-09 nan nan nan nan nan nan
1.260000000000000853e+01 1.291612034813186136e-09 nan nan nan nan nan nan
1.280000000000000782e+01 9.727146311037434788e-10 nan nan nan nan nan nan
1.300000000000000711e+01 7.325891461521784967e-10 nan nan nan nan nan nan
1.320000000000000639e+01 5.517689607953273012e-10 nan nan nan nan nan nan
1.340000000000000924e+01 4.156003431164525440e-10 nan nan nan nan nan nan
1.360000000000000853e+01 3.130519892797803475e-10 nan nan nan nan nan nan
1.380000000000000782e+01 2.358191522031509004e-10 nan nan nan nan nan nan
1.400000000000000711e+01 1.776494283303485697e-10 nan nan nan nan nan nan
1.420000000000000995e+01 1.338353354475843294e-10 nan nan nan nan nan nan
1.440000000000000924e+01 1.008324016255948351e-10 nan nan nan nan nan nan
1.460000000000000853e+01 7.597170637599170306e-11 nan nan nan nan nan nan
1.480000000000000782e+01 5.724350428147514583e-11 nan nan nan nan nan nan
1.500000000000001066e+01 4.313434612100227291e-11 nan nan nan nan nan nan
1.520000000000000995e+01 3.250446473818995923e-11 nan nan nan nan nan nan
1.540000000000000924e+01 2.449546749814366797e-11 nan nan nan nan nan nan
1.560000000000000853e+01 1.846084108529315942e-11 nan nan nan nan nan nan
1.580000000000001137e+01 1.391362840103577981e-11 nan nan nan nan nan nan
1.600000000000001066e+01 1.048703246169933744e-11 nan nan nan nan nan nan
1.620000000000000995e+01 7.904752092230930480e-12 nan nan nan nan nan nan
1.640000000000000924e+01 5.958644332281429216e-12 nan nan nan nan nan nan
1.660000000000001208e+01 4.491903122330638546e-12 nan nan nan nan nan nan
1.680000000000001137e+01 3.386391397278413492e-12 nan nan nan nan nan nan
1.700000000000001066e+01 2.553100583527350030e-12 nan nan nan nan nan nan
1.720000000000000995e+01 1.924965061368471451e-12 nan nan nan nan nan nan
1.740000000000001279e+01 1.451450026141038558e-12 nan nan nan nan nan nan
1.760000000000001208e+01 1.094474867158868477e-12 nan nan nan nan nan nan
1.780000000000001137e+01 8.253423530303479403e-13 nan nan nan nan nan nan
1.800000000000001066e+01 6.224253484061643699e-13 nan nan nan nan nan nan
1.820000000000001350e+01 4.694241002181367536e-13 nan nan nan nan nan nan
1.840000000000001279e+01 3.540532959543190751e-13 nan nan nan nan nan nan
1.860000000000001208e+01 2.670528568722993657e-13 nan nan nan nan nan nan
1.880000000000001137e+01 2.014426037487293069e-13 nan nan nan nan nan nan
1.900000000000001421e+01 1.519606433833954950e-13 nan nan nan nan nan nan
1.920000000000001350e+01 1.146401677105993206e-13 nan nan nan nan nan nan
1.940000000000001279e+01 8.649053633546045942e-14 nan nan nan nan nan nan
1.960000000000001208e+01 6.525693277602275681e-14 nan nan nan nan nan nan
1.980000000000001492e+01 4.923922614499051465e-14 nan nan nan nan nan nan
