2.000000000000000111e-01 8.933597623496163820e+00 1.422385588162562026e-02 3.621061536090427330e-02 8.548663644680426846e-03 2.715159514907669429e-03 5.701773179431715187e-04 7.254328617425443229e-05
4.000000000000000222e-01 2.168088675128336362e+00 1.129171713933800093e-02 3.759719081699861715e-02 1.020985291894328448e-02 3.942911754767315820e-03 1.113690493843989436e-03 2.459534995365943622e-04
5.999999999999999778e-01 8.291656469357859827e-01 9.500713405485909646e-03 3.829460359191119018e-02 1.115896042915431700e-02 4.452374152009780026e-03 1.300040997518555957e-03 3.040420127907528052e-04
8.000000000000000444e-01 2.697507086702601864e-01 1.016744561484529338e-02 5.450569473746764287e-02 1.755478229094693809e-02 7.441629593795621132e-03 2.201827156534653246e-03 5.053705243093549329e-04
1.000000000000000000e+00 1.035289956278337559e-01 8.617778224155540900e-03 6.986397463405991104e-02 2.480388058289434774e-02 1.152853008424177886e-02 3.652985245313599815e-03 8.684852216585710587e-04
1.199999999999999956e+00 4.858229060415952122e-02 4.778827944108688178e-03 7.520721974020477818e-02 2.886700160525495704e-02 1.456915792730080310e-02 5.021190532407575520e-03 1.300227648627270104e-03
1.399999999999999911e+00 2.358399426725731746e-02 6.146132797382254957e-04 8.001600581144334423e-02 3.259088455366045134e-02 1.747720633588788902e-02 6.455967318913661927e-03 1.791205477595343622e-03
1.600000000000000089e+00 1.207457023013233655e-02 -3.763051176178187820e-03 8.239930949544570227e-02 3.513027317518193499e-02 1.969322151888289532e-02 7.665939152056174162e-03 2.218460863627021683e-03
1.800000000000000044e+00 6.493062745491115853e-03 -8.111426727043003632e-03 8.241924516653614807e-02 3.643539734721760320e-02 2.112576508248044729e-02 8.566321117412940486e-03 2.538332062550423089e-03
2.000000000000000000e+00 3.640675976131773402e-03 -1.224253325488943757e-02 8.057455345296879456e-02 3.668055743471353852e-02 2.184245739186636143e-02 9.163119950199348843e-03 2.750636687908964914e-03
2.200000000000000178e+00 2.170387463358847135e-03 -1.560460867625450623e-02 7.540369442783484422e-02 3.514681040582998128e-02 2.139396179324100020e-02 9.247036252448355767e-03 2.796222362220106457e-03
2.399999999999999911e+00 1.321771054856590638e-03 -1.852920774881918267e-02 7.024102097888937357e-02 3.335931512575266572e-02 2.067071839492840707e-02 9.179699348670831288e-03 2.786067886588278197e-03
2.600000000000000089e+00 8.238615605308225549e-04 -2.094716292474331498e-02 6.494128110504322759e-02 3.128274731731341823e-02 1.966818881503160435e-02 8.955189577973116100e-03 2.719863645242532029e-03
2.799999999999999822e+00 5.254393376631026060e-04 -2.282180927357059519e-02 5.955785831191950236e-02 2.897417347231227153e-02 1.843714631683862279e-02 8.592711320824461887e-03 2.604228428655603299e-03
3.000000000000000000e+00 3.424589375680550055e-04 -2.415536039196180054e-02 5.421359200780457438e-02 2.652635754941070137e-02 1.705130032498064843e-02 8.123291988120692406e-03 2.449936423626342986e-03
3.200000000000000178e+00 2.318791720937415403e-04 -2.454009829207812882e-02 4.817092951402759948e-02 2.360912981706848185e-02 1.531283505263466606e-02 7.450133699945972118e-03 2.229338883801117773e-03
3.399999999999999911e+00 1.592411494128917698e-04 -2.456891733752694651e-02 4.275895152943129385e-02 2.091590421596779825e-02 1.367411705001958869e-02 6.789018162420695779e-03 2.009409224831990894e-03
3.600000000000000089e+00 1.109800694660963117e-04 -2.426834110654574328e-02 3.787849621549843615e-02 1.843099723470195336e-02 1.213875502282982938e-02 6.146554797876729349e-03 1.794223212474969648e-03
3.799999999999999822e+00 7.849510409433467354e-05 -2.368130909003737794e-02 3.347515642910532663e-02 1.615385900838872679e-02 1.071606460037898695e-02 5.531433256941089595e-03 1.587856836888966883e-03
4.000000000000000000e+00 5.629709486427712556e-05 -2.287004945829435379e-02 2.952809894856230771e-02 1.409287751608938842e-02 9.419170519127009755e-03 4.953789197803007589e-03 1.394164319251790839e-03
4.200000000000000178e+00 4.134131464018585663e-05 nan nan nan nan nan nan
4.400000000000000355e+00 3.056807382478474844e-05 nan nan nan nan nan nan
4.600000000000000533e+00 2.278342068247262036e-05 nan nan nan nan nan nan
4.800000000000000711e+00 1.712801159389340310e-05 nan nan nan nan nan nan
5.000000000000000888e+00 1.299272802006713215e-05 nan nan nan nan nan nan
5.200000000000001066e+00 1.007752027443054783e-05 nan nan nan nan nan nan
5.400000000000001243e+00 7.872062898148007433e-06 nan nan nan nan nan nan
5.600000000000001421e+00 6.195075152653512872e-06 nan nan nan nan nan nan
5.800000000000001599e+00 4.911393306484832517e-06 nan nan nan nan nan nan
6.000000000000001776e+00 3.920467678831189885e-06 nan nan nan nan nan nan
6.200000000000001954e+00 3.188401197543053407e-06 nan nan nan nan nan nan
6.400000000000002132e+00 2.605987500399441774e-06 nan nan nan nan nan nan
6.600000000000002309e+00 2.140419852803024388e-06 nan nan nan nan nan nan
6.800000000000002487e+00 1.766350503394754050e-06 nan nan nan nan nan nan
7.000000000000002665e+00 1.464316979935225990e-06 nan nan nan nan nan nan
7.200000000000002842e+00 1.230315147789944931e-06 nan nan nan nan nan nan
7.400000000000003020e+00 1.036758473212852809e-06 nan nan nan nan nan nan
7.600000000000003197e+00 8.761606211718290587e-07 nan nan nan nan nan nan
7.800000000000003375e+00 7.424528175729714492e-07 nan nan nan nan nan nan
8.000000000000003553e+00 6.307677554503265341e-07 nan nan nan nan nan nan
8.200000000000002842e+00 5.415583144176026074e-07 nan nan nan nan nan nan
8.400000000000003908e+00 4.655654596965809411e-07 nan nan nan nan nan nan
8.600000000000004974e+00 4.008318459822237921e-07 nan nan nan nan nan nan
8.800000000000004263e+00 3.456677274809044491e-07 nan nan nan nan nan nan
9.000000000000003553e+00 2.986211716901996844e-07 nan nan nan nan nan nan
9.200000000000004619e+00 2.600965065566052393e-07 nan nan nan nan nan nan
9.400000000000005684e+00 2.267295982725665371e-07 nan nan nan nan nan nan
9.600000000000004974e+00 1.978345365648499381e-07 nan nan nan nan nan nan
9.800000000000004263e+00 1.728062668241787322e-07 nan nan nan nan nan nan
1.000000000000000533e+01 1.511164682553351885e-07 nan nan nan nan nan nan
1.020000000000000639e+01 1.330158569097437050e-07 nan nan nan nan nan nan
1.040000000000000568e+01 1.171612697587564134e-07 nan nan nan nan nan nan
1.060000000000000497e+01 1.032719520030585147e-07 nan nan nan nan nan nan
1.080000000000000604e+01 9.110059536154493881e-08 nan nan nan nan nan nan
1.100000000000000711e+01 8.043276537543187983e-08 nan nan nan nan nan nan
1.120000000000000639e+01 7.141891872540222497e-08 nan nan nan nan nan nan
1.140000000000000568e+01 6.343899657563648567e-08 nan nan nan nan nan nan
1.160000000000000675e+01 5.637701136018916975e-08 nan nan nan nan nan nan
1.180000000000000782e+01 5.012958931657513379e-08 nan nan nan nan nan nan
1.200000000000000711e+01 4.460589058264656873e-08 nan nan nan nan nan nan
1.220000000000000639e+01 3.987796614221589603e-08 nan nan nan nan nan nan
1.240000000000000568e+01 3.566667133510022523e-08 nan nan nan nan nan nan
1.260000000000000853e+01 3.191431266580609637e-08 nan nan nan nan nan nan
1.280000000000000782e+01 2.856977400251339275e-08 nan nan nan nan nan nan
1.300000000000000711e+01 2.558850538102367558e-08 nan nan nan nan nan nan
1.320000000000000639e+01 2.301525965170370967e-08 nan nan nan nan nan nan
1.340000000000000924e+01 2.070765354357254901e-08 nan nan nan nan nan nan
1.360000000000000853e+01 1.863740116226864496e-08 nan nan nan nan nan nan
1.380000000000000782e+01 1.677922021531668663e-08 nan nan nan nan nan nan
1.400000000000000711e+01 1.511083043639884637e-08 nan nan nan nan nan nan
1.420000000000000995e+01 1.366177211510280788e-08 nan nan nan nan nan nan
1.440000000000000924e+01 1.235407825166958493e-08 nan nan nan nan nan nan
1.460000000000000853e+01 1.117423833311847657e-08 nan nan nan nan nan nan
1.480000000000000782e+01 1.010980352656452927e-08 nan nan nan nan nan nan
1.500000000000001066e+01 9.149386456442672893e-09 nan nan nan nan nan nan
1.520000000000000995e+01 8.309094105474235345e-09 nan nan nan nan nan nan
1.540000000000000924e+01 7.546949029502124436e-09 nan nan nan nan nan nan
1.560000000000000853e+01 6.855662871565884381e-09 nan nan nan nan nan nan
1.580000000000001137e+01 6.228660334078032160e-09 nan nan nan nan nan nan
1.600000000000001066e+01 5.660079147181092858e-09 nan nan nan nan nan nan
1.620000000000000995e+01 5.159577133313909614e-09 nan nan nan nan nan nan
1.640000000000000924e+01 4.705111655104671982e-09 nan nan nan nan nan nan
1.660000000000001208e+01 4.290810504784900851e-09 nan nan nan nan nan nan
1.680000000000001137e+01 3.912652241074878377e-09 nan nan nan nan nan nan
1.700000000000001066e+01 3.568466184667422984e-09 nan nan nan nan nan nan
1.720000000000000995e+01 3.264143725067153633e-09 nan nan nan nan nan nan
1.740000000000001279e+01 2.985736740317285002e-09 nan nan nan nan nan nan
1.760000000000001208e+01 2.731361684095323240e-09 nan nan nan nan nan nan
1.780000000000001137e+01 2.498952599888944738e-09 nan nan nan nan nan nan
1.800000000000001066e+01 2.286261120348268626e-09 nan nan nan nan nan nan
1.820000000000001350e+01 2.097369781674798396e-09 nan nan nan nan nan nan
1.840000000000001279e+01 1.924053167934793102e-09 nan nan nan nan nan nan
1.860000000000001208e+01 1.765060867015112402e-09 nan nan nan nan nan nan
1.880000000000001137e+01 1.619293997232553246e-09 nan nan nan nan nan nan
1.900000000000001421e+01 1.485805207240482281e-09 nan nan nan nan nan nan
1.920000000000001350e+01 1.366768866606744611e-09 nan nan nan nan nan nan
1.940000000000001279e+01 1.257156347145994350e-09 nan nan nan nan nan nan
1.960000000000001208e+01 1.156276512253880460e-09 nan nan nan nan nan nan
1.980000000000001492e+01 1.063528448677268996e-09 nan nan nan nan nan nan
