2.000000000000000111e-01 nan nan nan nan nan nan nan
4.000000000000000222e-01 7.859503826478824173e-01 3.559794475775420602e-02 1.062759330867841523e-01 3.188372039333561142e-02 1.473994742008655559e-02 5.563394504709253709e-03 2.240550957283899726e-03
5.999999999999999778e-01 2.462849058046905071e-01 3.542695615706341339e-02 1.338789034343837725e-01 4.308261932567173519e-02 2.079367109725554705e-02 8.077277910763987559e-03 3.426851230765270897e-03
8.000000000000000444e-01 9.721972103470793991e-02 3.145419370144030002e-02 1.593074955052602437e-01 5.567786273053820789e-02 2.837136528296770044e-02 1.127418436897529436e-02 4.786087714383508579e-03
1.000000000000000000e+00 4.363174005946701683e-02 2.404643197014315684e-02 1.808632069866086545e-01 6.811705905267916028e-02 3.722778761674661041e-02 1.560710277964725765e-02 6.765444650004313193e-03
1.199999999999999956e+00 2.126532089737204548e-02 1.425809491056680839e-02 1.979320662402171416e-01 7.905277958237343083e-02 4.632485149623360998e-02 2.065244214492606423e-02 9.415990011305774843e-03
1.399999999999999911e+00 1.099165665286871638e-02 3.053856289166676039e-03 2.107371731404999726e-01 8.790476122429613515e-02 5.474359909076365049e-02 2.571751313265820821e-02 1.243537757482145699e-02
1.600000000000000089e+00 5.944149181888762866e-03 -8.910267419852166415e-03 2.199228289710213891e-01 9.468693340235662115e-02 6.199831079216351626e-02 3.031127662254936433e-02 1.547298796395731903e-02
1.800000000000000044e+00 3.334745900103509592e-03 -2.129332310323890989e-02 2.262290430089100024e-01 9.968275380119798190e-02 6.799020500776188636e-02 3.423066196112875548e-02 1.831203291615782561e-02
2.000000000000000000e+00 1.929493975379395531e-03 -3.395199006537554659e-02 2.303116431165134481e-01 1.032180716788519276e-01 7.281939221431668607e-02 3.746087018717968176e-02 2.087128801430006980e-02
2.200000000000000178e+00 1.146477040274475508e-03 -4.683554081569157174e-02 2.326850379955847647e-01 1.055675035633798359e-01 7.664344922445022468e-02 4.005888256884157506e-02 2.314449701430761758e-02
2.399999999999999911e+00 6.972579826148387347e-04 -5.991013102793115580e-02 2.337361409646382948e-01 1.069414903198623867e-01 7.961253566026313400e-02 4.209347690523272678e-02 2.515059368630029324e-02
2.600000000000000089e+00 4.329081598979143768e-04 -7.313294328124912702e-02 2.337514809438524521e-01 1.074981493504388458e-01 8.184913326118763155e-02 4.362656237085457689e-02 2.690776147036852417e-02
2.799999999999999822e+00 2.738180059526773157e-04 -8.645062027181868447e-02 2.329566827775759186e-01 1.073710086751127196e-01 8.345755802662782608e-02 4.471683140814134566e-02 2.843774693395954498e-02
3.000000000000000000e+00 1.761388113919083601e-04 -9.980643698790631069e-02 2.315373886342098064e-01 1.066802571326941895e-01 8.453533126371481909e-02 4.542565127451930751e-02 2.976752277701710109e-02
3.200000000000000178e+00 1.150718280036410168e-04 -1.131429640198794995e-01 2.296483392206645213e-01 1.055310980912279595e-01 8.517533259506769594e-02 4.581032371953766558e-02 3.092835853500977214e-02
3.399999999999999911e+00 7.625958841385838507e-05 -1.263980516387535891e-01 2.274170125234031559e-01 1.040181086105631258e-01 8.546258996978435551e-02 4.592993059578810017e-02 3.195228650618353594e-02
3.600000000000000089e+00 5.121504386532389297e-05 -1.395042451843825082e-01 2.249488106430962975e-01 1.022269431432830250e-01 8.546634523909141246e-02 4.583632742034784296e-02 3.286720241598165698e-02
3.799999999999999822e+00 3.482625232152112085e-05 -1.523976583551531483e-01 2.223295382831763645e-01 1.002360445163577307e-01 8.525016632981570475e-02 4.557630638152697367e-02 3.369454984968518058e-02
4.000000000000000000e+00 2.396069125288523161e-05 -1.650170013236691435e-01 2.196268222912887702e-01 9.811683192417385013e-02 8.487186510086884572e-02 4.519003031686883581e-02 3.445472964561280271e-02
4.200000000000000178e+00 1.649958200185215390e-05 nan nan nan nan nan nan
4.400000000000000355e+00 1.137192178747522769e-05 nan nan nan nan nan nan
4.600000000000000533e+00 7.844916529895623185e-06 nan nan nan nan nan nan
4.800000000000000711e+00 5.416795222050656161e-06 nan nan nan nan nan nan
5.000000000000000888e+00 3.743708865977458779e-06 nan nan nan nan nan nan
5.200000000000001066e+00 2.589840571023941454e-06 nan nan nan nan nan nan
5.400000000000001243e+00 1.793332634630039257e-06 nan nan nan nan nan nan
5.600000000000001421e+00 1.242999207260758016e-06 nan nan nan nan nan nan
5.800000000000001599e+00 8.623987019703804717e-07 nan nan nan nan nan nan
6.000000000000001776e+00 5.989317899664266962e-07 nan nan nan nan nan nan
6.200000000000001954e+00 4.163735638828834808e-07 nan nan nan nan nan nan
6.400000000000002132e+00 2.897541067866621852e-07 nan nan nan nan nan nan
6.600000000000002309e+00 2.018461788770197699e-07 nan nan nan nan nan nan
6.800000000000002487e+00 1.407535593673436368e-07 nan nan nan nan nan nan
7.000000000000002665e+00 9.825376826084299512e-08 nan nan nan nan nan nan
7.200000000000002842e+00 6.865824045548286394e-08 nan nan nan nan nan nan
7.400000000000003020e+00 4.802772050762056707e-08 nan nan nan nan nan nan
7.600000000000003197e+00 3.363170801553180415e-08 nan nan nan nan nan nan
7.800000000000003375e+00 2.357571446683042020e-08 nan nan nan nan nan nan
8.000000000000003553e+00 1.654400612514922818e-08 nan nan nan nan nan nan
8.200000000000002842e+00 1.162189131066301144e-08 nan nan nan nan nan nan
8.400000000000003908e+00 8.172843948997907595e-09 nan nan nan nan nan nan
8.600000000000004974e+00 5.753463565903940246e-09 nan nan nan nan nan nan
8.800000000000004263e+00 4.054565478101309181e-09 nan nan nan nan nan nan
9.000000000000003553e+00 2.860333179351896428e-09 nan nan nan nan nan nan
9.200000000000004619e+00 2.019967542637723677e-09 nan nan nan nan nan nan
9.400000000000005684e+00 1.427990372864426519e-09 nan nan nan nan nan nan
9.600000000000004974e+00 1.010546987648552809e-09 nan nan nan nan nan nan
9.800000000000004263e+00 7.158711945357843569e-10 nan nan nan nan nan nan
1.000000000000000533e+01 5.076411256859336949e-10 nan nan nan nan nan nan
1.020000000000000639e+01 3.603447894962327436e-10 nan nan nan nan nan nan
1.040000000000000568e+01 2.560441531049409811e-10 nan nan nan nan nan nan
1.060000000000000497e+01 1.821134107936042101e-10 nan nan nan nan nan nan
1.080000000000000604e+01 1.296565303819110157e-10 nan nan nan nan nan nan
1.100000000000000711e+01 9.239892383402815984e-11 nan nan nan nan nan nan
1.120000000000000639e+01 6.591038487388109453e-11 nan nan nan nan nan nan
1.140000000000000568e+01 4.705971692250691719e-11 nan nan nan nan nan nan
1.160000000000000675e+01 3.363157305827368626e-11 nan nan nan nan nan nan
1.180000000000000782e+01 2.405698145681958350e-11 nan nan nan nan nan nan
1.200000000000000711e+01 1.722362891576951414e-11 nan nan nan nan nan nan
1.220000000000000639e+01 1.234215787965146314e-11 nan nan nan nan nan nan
1.240000000000000568e+01 8.851841955567882646e-12 nan nan nan nan nan nan
1.260000000000000853e+01 6.353973783519972420e-12 nan nan nan nan nan nan
1.280000000000000782e+01 4.564775387571710285e-12 nan nan nan nan nan nan
1.300000000000000711e+01 3.282075630392542667e-12 nan nan nan nan nan nan
1.320000000000000639e+01 2.361706061312781139e-12 nan nan nan nan nan nan
1.340000000000000924e+01 1.700764105976287089e-12 nan nan nan nan nan nan
1.360000000000000853e+01 1.225733865481714363e-12 nan nan nan nan nan nan
1.380000000000000782e+01 8.840464006482664506e-13 nan nan nan nan nan nan
1.400000000000000711e+01 6.380778152477283899e-13 nan nan nan nan nan nan
1.420000000000000995e+01 4.608768860102322392e-13 nan nan nan nan nan nan
1.440000000000000924e+01 3.331209594051007579e-13 nan nan nan nan nan nan
1.460000000000000853e+01 2.409449700172261802e-13 nan nan nan nan nan nan
1.480000000000000782e+01 1.743917194154130943e-13 nan nan nan nan nan nan
1.500000000000001066e+01 1.263046259823108251e-13 nan nan nan nan nan nan
1.520000000000000995e+01 9.153590447239866199e-14 nan nan nan nan nan nan
1.540000000000000924e+01 6.637981774310799989e-14 nan nan nan nan nan nan
1.560000000000000853e+01 4.816667317003251607e-14 nan nan nan nan nan nan
1.580000000000001137e+01 3.497172465258382098e-14 nan nan nan nan nan nan
1.600000000000001066e+01 2.540628550606378024e-14 nan nan nan nan nan nan
1.620000000000000995e+01 1.846771146888267892e-14 nan nan nan nan nan nan
1.640000000000000924e+01 1.343157583820122476e-14 nan nan nan nan nan nan
1.660000000000001208e+01 9.774109033993052143e-15 nan nan nan nan nan nan
1.680000000000001137e+01 7.116364745459392622e-15 nan nan nan nan nan nan
1.700000000000001066e+01 5.183996030161724129e-15 nan nan nan nan nan nan
1.720000000000000995e+01 3.778255635805284972e-15 nan nan nan nan nan nan
1.740000000000001279e+01 2.755073296721752248e-15 nan nan nan nan nan nan
1.760000000000001208e+01 2.009949670175201581e-15 nan nan nan nan nan nan
1.780000000000001137e+01 1.467042259045100892e-15 nan nan nan nan nan nan
1.800000000000001066e+01 1.071274661026462556e-15 nan nan nan nan nan nan
1.820000000000001350e+01 7.826278494458381823e-16 nan nan nan nan nan nan
1.840000000000001279e+01 5.720073994646366622e-16 nan nan nan nan nan nan
1.860000000000001208e+01 4.182497014530913494e-16 nan nan nan nan nan nan
1.880000000000001137e+01 3.059519093740815421e-16 nan nan nan nan nan nan
1.900000000000001421e+01 2.238980189264083409e-16 nan nan nan nan nan nan
1.920000000000001350e+01 1.639166360213813781e-16 nan nan nan nan nan nan
1.940000000000001279e+01 1.200515518144305102e-16 nan nan nan nan nan nan
1.960000000000001208e+01 8.795911887760029938e-17 nan nan nan nan nan nan
1.980000000000001492e+01 6.447016850181240016e-17 nan nan nan nan nan nan
