2.000000000000000111e-01 5.980115784348578878e-02 2.015405174011443337e-03 7.707550658281808048e-03 9.759200194078895959e-04 7.012516829477379791e-05 -3.877510483943562254e-05 -1.198565680047887544e-05
4.000000000000000222e-01 1.461108979382384418e-02 1.785807510894598694e-03 6.992163684800215689e-03 9.271098506745518129e-04 9.055955747909558585e-05 -4.877563138790762780e-05 -1.762431278402891492e-05
5.999999999999999778e-01 6.032796080890491346e-03 1.840485695883596401e-03 6.316002009858086817e-03 6.934084134428448055e-04 5.120694590953758438e-05 -6.770187992330978775e-05 -2.426272151969922786e-05
8.000000000000000444e-01 3.058040382905068046e-03 2.255397608576216462e-03 6.577027654159754190e-03 6.483125819805636309e-04 2.531448413446284918e-06 -5.928660368944963405e-05 -2.760835543469463365e-05
1.000000000000000000e+00 1.719237963670494510e-03 2.744116592753286562e-03 7.432947723567686314e-03 7.925152272180033481e-04 -4.003576115919905683e-05 -2.095664617262192082e-05 -1.033870264679335760e-05
1.199999999999999956e+00 1.027484438910920795e-03 3.097899935648876397e-03 8.428774412760343254e-03 1.025129357330303208e-03 -5.719810383308084279e-05 3.615235525889630463e-05 2.654672577687584032e-05
1.399999999999999911e+00 6.394763349219699739e-04 3.227656102160879337e-03 9.299097356559291733e-03 1.262335239159495005e-03 -4.766320487303868722e-05 1.080204875152161839e-04 7.391535481422179920e-05
1.600000000000000089e+00 4.098799580018814745e-04 3.103301380250319229e-03 9.977559814347733771e-03 1.479085586623759326e-03 -1.802872113294338958e-05 1.882673686126785397e-04 1.206598971674408818e-04
1.800000000000000044e+00 2.687602745404177383e-04 2.731441944420809169e-03 1.047174878683277896e-02 1.665571303971184617e-03 1.875560659206652664e-05 2.619058171769791271e-04 1.621840657532426446e-04
2.000000000000000000e+00 1.795024875363210239e-04 2.131502525921925763e-03 1.080363807777893689e-02 1.820051301418836986e-03 5.171223432695715269e-05 3.148941377838721726e-04 1.996961914177305096e-04
2.200000000000000178e+00 1.217556176251375185e-04 1.340089465245541565e-03 1.100606433169349328e-02 1.950159393947830657e-03 7.637663266189894556e-05 3.429357101099378608e-04 2.291759370694800089e-04
2.399999999999999911e+00 8.369185683790071617e-05 3.986610844907074775e-04 1.110452397754409584e-02 2.060440146682668804e-03 9.124143018521054947e-05 3.458988735781497875e-04 2.479529378340699654e-04
2.600000000000000089e+00 5.820055926615798011e-05 -6.508315988144489170e-04 1.111272136384170925e-02 2.153367467891937215e-03 9.340801744349041581e-05 3.281330246752715753e-04 2.569380631160798662e-04
2.799999999999999822e+00 4.089322930152682522e-05 -1.770456118309331412e-03 1.104142564350394685e-02 2.229987485483855923e-03 8.280176632040613409e-05 2.918453314675447589e-04 2.590065888270519433e-04
3.000000000000000000e+00 2.899980762032909756e-05 -2.927849454400641843e-03 1.089959703037461820e-02 2.290683874349120405e-03 6.220008592237576215e-05 2.414200781157810176e-04 2.537724442075426387e-04
3.200000000000000178e+00 2.073851131191346045e-05 -4.096186159412026906e-03 1.069388306060943365e-02 2.337615150493502995e-03 3.594895246691127890e-05 1.817494253887655918e-04 2.427492309054851650e-04
3.399999999999999911e+00 1.494442548054726514e-05 -5.252581968344236484e-03 1.043067722352890650e-02 2.371689950207375632e-03 5.916837688271392916e-06 1.159879938053062364e-04 2.285081583493594646e-04
3.600000000000000089e+00 1.084493231429186239e-05 -6.377747639514774920e-03 1.011549369881692938e-02 2.392699827527038949e-03 -2.628127421331051021e-05 4.761012103228711128e-05 2.120321159711533539e-04
3.799999999999999822e+00 7.921084747921461840e-06 -7.458459830041345301e-03 9.754655138415765925e-03 2.400552158336545071e-03 -5.866127931559119753e-05 -2.150397537486313938e-05 1.937624266709597862e-04
4.000000000000000000e+00 5.820309386687490003e-06 -8.481863873943564294e-03 9.351300038306047460e-03 2.397067565881792067e-03 -9.195428164781430428e-05 -8.907744566834141140e-05 1.734177143148560546e-04
4.200000000000000178e+00 4.279023102401258327e-06 nan nan nan nan nan nan
4.400000000000000355e+00 3.147591479518565272e-06 nan nan nan nan nan nan
4.600000000000000533e+00 2.316569193030427893e-06 nan nan nan nan nan nan
4.800000000000000711e+00 1.705860031306851248e-06 nan nan nan nan nan nan
5.000000000000000888e+00 1.256813190411448551e-06 nan nan nan nan nan nan
5.200000000000001066e+00 9.264570859982873158e-07 nan nan nan nan nan nan
5.400000000000001243e+00 6.832901400092204873e-07 nan nan nan nan nan nan
5.600000000000001421e+00 5.042063441790735770e-07 nan nan nan nan nan nan
5.800000000000001599e+00 3.722483746450689980e-07 nan nan nan nan nan nan
6.000000000000001776e+00 2.749645622518609589e-07 nan nan nan nan nan nan
6.200000000000001954e+00 2.032067464160099679e-07 nan nan nan nan nan nan
6.400000000000002132e+00 1.502502102145989003e-07 nan nan nan nan nan nan
6.600000000000002309e+00 1.111490423340865812e-07 nan nan nan nan nan nan
6.800000000000002487e+00 8.226368350019746919e-08 nan nan nan nan nan nan
7.000000000000002665e+00 6.091447497040901111e-08 nan nan nan nan nan nan
7.200000000000002842e+00 4.512746527086803104e-08 nan nan nan nan nan nan
7.400000000000003020e+00 3.344780574415192530e-08 nan nan nan nan nan nan
7.600000000000003197e+00 2.480268936998419049e-08 nan nan nan nan nan nan
7.800000000000003375e+00 1.840062524260904622e-08 nan nan nan nan nan nan
8.000000000000003553e+00 1.365737659442522329e-08 nan nan nan nan nan nan
8.200000000000002842e+00 1.014147543095905815e-08 nan nan nan nan nan nan
8.400000000000003908e+00 7.534118194873562504e-09 nan nan nan nan nan nan
8.600000000000004974e+00 5.599631390402668023e-09 nan nan nan nan nan nan
8.800000000000004263e+00 4.163710156944329652e-09 nan nan nan nan nan nan
9.000000000000003553e+00 3.097375913459452634e-09 nan nan nan nan nan nan
9.200000000000004619e+00 2.305144083509884236e-09 nan nan nan nan nan nan
9.400000000000005684e+00 1.716292656080534468e-09 nan nan nan nan nan nan
9.600000000000004974e+00 1.278415759297597876e-09 nan nan nan nan nan nan
9.800000000000004263e+00 9.526619172101894219e-10 nan nan nan nan nan nan
1.000000000000000533e+01 7.102150044892246924e-10 nan nan nan nan nan nan
1.020000000000000639e+01 5.296923268792642663e-10 nan nan nan nan nan nan
1.040000000000000568e+01 3.952198850889197555e-10 nan nan nan nan nan nan
1.060000000000000497e+01 2.950078990133272300e-10 nan nan nan nan nan nan
1.080000000000000604e+01 2.202960718381496912e-10 nan nan nan nan nan nan
1.100000000000000711e+01 1.645722583734321656e-10 nan nan nan nan nan nan
1.120000000000000639e+01 1.229933985499456183e-10 nan nan nan nan nan nan
1.140000000000000568e+01 9.195615791875338025e-11 nan nan nan nan nan nan
1.160000000000000675e+01 6.877842603337199749e-11 nan nan nan nan nan nan
1.180000000000000782e+01 5.146294311732797839e-11 nan nan nan nan nan nan
1.200000000000000711e+01 3.852179892477378255e-11 nan nan nan nan nan nan
1.220000000000000639e+01 2.884606972217481100e-11 nan nan nan nan nan nan
1.240000000000000568e+01 2.160894137869472882e-11 nan nan nan nan nan nan
1.260000000000000853e+01 1.619368557711466796e-11 nan nan nan nan nan nan
1.280000000000000782e+01 1.214009002782247337e-11 nan nan nan nan nan nan
1.300000000000000711e+01 9.104597250183767207e-12 nan nan nan nan nan nan
1.320000000000000639e+01 6.830631233308327933e-12 nan nan nan nan nan nan
1.340000000000000924e+01 5.126498775265935453e-12 nan nan nan nan nan nan
1.360000000000000853e+01 3.848925015706241909e-12 nan nan nan nan nan nan
1.380000000000000782e+01 2.890781582891070831e-12 nan nan nan nan nan nan
1.400000000000000711e+01 2.171935945169292503e-12 nan nan nan nan nan nan
1.420000000000000995e+01 1.632425329879496095e-12 nan nan nan nan nan nan
1.440000000000000924e+01 1.227362623769819490e-12 nan nan nan nan nan nan
1.460000000000000853e+01 9.231332670011089483e-13 nan nan nan nan nan nan
1.480000000000000782e+01 6.945548299426506001e-13 nan nan nan nan nan nan
1.500000000000001066e+01 5.227547466647967484e-13 nan nan nan nan nan nan
1.520000000000000995e+01 3.935840063624478589e-13 nan nan nan nan nan nan
1.540000000000000924e+01 2.964309887576109354e-13 nan nan nan nan nan nan
1.560000000000000853e+01 2.233341641866016025e-13 nan nan nan nan nan nan
1.580000000000001137e+01 1.683181016890425772e-13 nan nan nan nan nan nan
1.600000000000001066e+01 1.268963954155563178e-13 nan nan nan nan nan nan
1.620000000000000995e+01 9.569940765548158891e-14 nan nan nan nan nan nan
1.640000000000000924e+01 7.219538204894208796e-14 nan nan nan nan nan nan
1.660000000000001208e+01 5.448142991140912161e-14 nan nan nan nan nan nan
1.680000000000001137e+01 4.112682559714319483e-14 nan nan nan nan nan nan
1.700000000000001066e+01 3.105547667115571053e-14 nan nan nan nan nan nan
1.720000000000000995e+01 2.345774348186057676e-14 nan nan nan nan nan nan
1.740000000000001279e+01 1.772425518068900677e-14 nan nan nan nan nan nan
1.760000000000001208e+01 1.339621744512954067e-14 nan nan nan nan nan nan
1.780000000000001137e+01 1.012808926824531322e-14 nan nan nan nan nan nan
1.800000000000001066e+01 7.659540122869490806e-15 nan nan nan nan nan nan
1.820000000000001350e+01 5.794372589518416046e-15 nan nan nan nan nan nan
1.840000000000001279e+01 4.384674834620895763e-15 nan nan nan nan nan nan
1.860000000000001208e+01 3.318901183476483322e-15 nan nan nan nan nan nan
1.880000000000001137e+01 2.512904085158600804e-15 nan nan nan nan nan nan
1.900000000000001421e+01 1.903184390499273511e-15 nan nan nan nan nan nan
1.920000000000001350e+01 1.441809524627432571e-15 nan nan nan nan nan nan
1.940000000000001279e+01 1.092586137134635498e-15 nan nan nan nan nan nan
1.960000000000001208e+01 8.281766057943118348e-16 nan nan nan nan nan nan
1.980000000000001492e+01 6.279259231198955512e-16 nan nan nan nan nan nan
