2.000000000000000111e-01 nan nan nan nan nan nan nan
4.000000000000000222e-01 3.177206737565324346e+00 2.469293180622117098e-02 8.688599612455742693e-02 2.534440568462213716e-02 1.121682891953834985e-02 4.335207001492725858e-03 1.505532015815581881e-03
5.999999999999999778e-01 1.007332528242774750e+00 2.577570563901820239e-02 1.093266833277263816e-01 3.416285085176554159e-02 1.555126140800751344e-02 6.198539742864107339e-03 2.256198970092775265e-03
8.000000000000000444e-01 4.011923943844791229e-01 2.438475635823246501e-02 1.307115881705023519e-01 4.446032273174586880e-02 2.125606513300568046e-02 8.602114490661845470e-03 3.099396542377145722e-03
1.000000000000000000e+00 1.807518432728215663e-01 2.048834745566137719e-02 1.495465371758815110e-01 5.513173359709150345e-02 2.826809052233963948e-02 1.202474007929609130e-02 4.392275830354559589e-03
1.199999999999999956e+00 8.792948997050570314e-02 1.463357318260164776e-02 1.651147252837079360e-01 6.503579741719546503e-02 3.569139439351129428e-02 1.623074616212417248e-02 6.225462663027529764e-03
1.399999999999999911e+00 4.511546090323073632e-02 7.511975864217802085e-03 1.774076258988851185e-01 7.355162502366276167e-02 4.270477901848150626e-02 2.067958683973047940e-02 8.391714763548814224e-03
1.600000000000000089e+00 2.410030409734499612e-02 -3.390334302845349223e-04 1.868520085988961965e-01 8.056250668215783617e-02 4.889299783478343736e-02 2.494185891530974544e-02 1.062145316735800017e-02
1.800000000000000044e+00 1.329777510923659499e-02 -8.639253470599171994e-03 1.940134596886386453e-01 8.622190149458734687e-02 5.418321188703223434e-02 2.882919123843015810e-02 1.274484097649885780e-02
2.000000000000000000e+00 7.538042467115989125e-03 -1.728507991480462969e-02 1.993989360077866313e-01 9.074494800341789680e-02 5.865526857950174172e-02 3.230924869907699643e-02 1.469905202987954740e-02
2.200000000000000178e+00 4.372839557980996369e-03 -2.624318973197381846e-02 2.033944008696974559e-01 9.431297702087994284e-02 6.241359387906950801e-02 3.540712155910356179e-02 1.647744446242572700e-02
2.399999999999999911e+00 2.588254700773535023e-03 -3.548503526974858269e-02 2.062738019086710339e-01 9.705451319762066487e-02 6.553812042179295305e-02 3.814905532309842418e-02 1.808665853247232516e-02
2.600000000000000089e+00 1.559527648498679241e-03 -4.496678615562317571e-02 2.082321530989761083e-01 9.905821099671836827e-02 6.808355085898491754e-02 4.054972839686802472e-02 1.952949828890845202e-02
2.799999999999999822e+00 9.548649878453974258e-04 -5.463120480766560372e-02 2.094172592713830217e-01 1.003912451614170781e-01 7.009192040208761521e-02 4.261865225704728616e-02 2.080562938914999604e-02
3.000000000000000000e+00 5.932493493251139857e-04 -6.441573174786806300e-02 2.099485970196346696e-01 1.011115789896270128e-01 7.160227266231920795e-02 4.436695437342100951e-02 2.191476388367098044e-02
3.200000000000000178e+00 3.735820755304348952e-04 -7.425633618677611458e-02 2.099266314839230707e-01 1.012740547901184729e-01 7.265440135311282410e-02 4.580933109722987173e-02 2.285973634950600950e-02
3.399999999999999911e+00 2.382259912493608629e-04 -8.409023889554877174e-02 2.094372681432544181e-01 1.009336496495577273e-01 7.328912542877860647e-02 4.696380255000370818e-02 2.364668950863335617e-02
3.600000000000000089e+00 1.537165234722091595e-04 -9.385486731535785943e-02 2.085546081937985907e-01 1.001442310903934013e-01 7.354968956230409360e-02 4.785220066659792021e-02 2.428395562157383003e-02
3.799999999999999822e+00 1.003026525032962976e-04 -1.034884314536140826e-01 2.073422764832039134e-01 9.896039248275674549e-02 7.347938199351837507e-02 4.849674059340738919e-02 2.478163177831483807e-02
4.000000000000000000e+00 6.615231429933552635e-05 -1.129322943262316414e-01 2.058549711208308153e-01 9.743511412181564413e-02 7.312326090012358226e-02 4.892120605762370622e-02 2.514987631320966810e-02
4.200000000000000178e+00 4.364981169458283271e-05 nan nan nan nan nan nan
4.400000000000000355e+00 2.881563390993085189e-05 nan nan nan nan nan nan
4.600000000000000533e+00 1.903208547656544161e-05 nan nan nan nan nan nan
4.800000000000000711e+00 1.257653705830855563e-05 nan nan nan nan nan nan
5.000000000000000888e+00 8.314890498231301667e-06 nan nan nan nan nan nan
5.200000000000001066e+00 5.500183865313744921e-06 nan nan nan nan nan nan
5.400000000000001243e+00 3.640220830987808832e-06 nan nan nan nan nan nan
5.600000000000001421e+00 2.410532147029963240e-06 nan nan nan nan nan nan
5.800000000000001599e+00 1.597120993017234738e-06 nan nan nan nan nan nan
6.000000000000001776e+00 1.058784609598132420e-06 nan nan nan nan nan nan
6.200000000000001954e+00 7.023082202902751159e-07 nan nan nan nan nan nan
6.400000000000002132e+00 4.661265471176503618e-07 nan nan nan nan nan nan
6.600000000000002309e+00 3.095577695043232389e-07 nan nan nan nan nan nan
6.800000000000002487e+00 2.057062101090353715e-07 nan nan nan nan nan nan
7.000000000000002665e+00 1.367814386083716864e-07 nan nan nan nan nan nan
7.200000000000002842e+00 9.100965240955434045e-08 nan nan nan nan nan nan
7.400000000000003020e+00 6.059474026528712329e-08 nan nan nan nan nan nan
7.600000000000003197e+00 4.037164509443583080e-08 nan nan nan nan nan nan
7.800000000000003375e+00 2.691652995483327617e-08 nan nan nan nan nan nan
8.000000000000003553e+00 1.795849961940882181e-08 nan nan nan nan nan nan
8.200000000000002842e+00 1.199048687654018492e-08 nan nan nan nan nan nan
8.400000000000003908e+00 8.011742485559375193e-09 nan nan nan nan nan nan
8.600000000000004974e+00 5.357328881943554860e-09 nan nan nan nan nan nan
8.800000000000004263e+00 3.585161402495793421e-09 nan nan nan nan nan nan
9.000000000000003553e+00 2.401133127321659947e-09 nan nan nan nan nan nan
9.200000000000004619e+00 1.609455778780162915e-09 nan nan nan nan nan nan
9.400000000000005684e+00 1.079705688488565264e-09 nan nan nan nan nan nan
9.600000000000004974e+00 7.249425336682745782e-10 nan nan nan nan nan nan
9.800000000000004263e+00 4.871716263894765741e-10 nan nan nan nan nan nan
1.000000000000000533e+01 3.276792812709707636e-10 nan nan nan nan nan nan
1.020000000000000639e+01 2.206037711055658804e-10 nan nan nan nan nan nan
1.040000000000000568e+01 1.486559003246431278e-10 nan nan nan nan nan nan
1.060000000000000497e+01 1.002685822436676615e-10 nan nan nan nan nan nan
1.080000000000000604e+01 6.769696766271868581e-11 nan nan nan nan nan nan
1.100000000000000711e+01 4.575126801993241496e-11 nan nan nan nan nan nan
1.120000000000000639e+01 3.095097931034729948e-11 nan nan nan nan nan nan
1.140000000000000568e+01 2.095996339979017989e-11 nan nan nan nan nan nan
1.160000000000000675e+01 1.420884432222188760e-11 nan nan nan nan nan nan
1.180000000000000782e+01 9.642419615890575165e-12 nan nan nan nan nan nan
1.200000000000000711e+01 6.550566999813225517e-12 nan nan nan nan nan nan
1.220000000000000639e+01 4.454956906053676137e-12 nan nan nan nan nan nan
1.240000000000000568e+01 3.033091947100536738e-12 nan nan nan nan nan nan
1.260000000000000853e+01 2.067332428978636584e-12 nan nan nan nan nan nan
1.280000000000000782e+01 1.410660232315357234e-12 nan nan nan nan nan nan
1.300000000000000711e+01 9.636648654770768795e-13 nan nan nan nan nan nan
1.320000000000000639e+01 6.590595512716224369e-13 nan nan nan nan nan nan
1.340000000000000924e+01 4.512541755018380756e-13 nan nan nan nan nan nan
1.360000000000000853e+01 3.093271286850001274e-13 nan nan nan nan nan nan
1.380000000000000782e+01 2.122836638837758247e-13 nan nan nan nan nan nan
1.400000000000000711e+01 1.458538244561232606e-13 nan nan nan nan nan nan
1.420000000000000995e+01 1.003279503950359980e-13 nan nan nan nan nan nan
1.440000000000000924e+01 6.909210238144845183e-14 nan nan nan nan nan nan
1.460000000000000853e+01 4.763607659772223572e-14 nan nan nan nan nan nan
1.480000000000000782e+01 3.288082582024643447e-14 nan nan nan nan nan nan
1.500000000000001066e+01 2.272196778963959540e-14 nan nan nan nan nan nan
1.520000000000000995e+01 1.571962911677255109e-14 nan nan nan nan nan nan
1.540000000000000924e+01 1.088748934073299443e-14 nan nan nan nan nan nan
1.560000000000000853e+01 7.549141805743592031e-15 nan nan nan nan nan nan
1.580000000000001137e+01 5.240183357874841134e-15 nan nan nan nan nan nan
1.600000000000001066e+01 3.641400980154441795e-15 nan nan nan nan nan nan
1.620000000000000995e+01 2.533128003969984877e-15 nan nan nan nan nan nan
1.640000000000000924e+01 1.764027412360250987e-15 nan nan nan nan nan nan
1.660000000000001208e+01 1.229718024625997646e-15 nan nan nan nan nan nan
1.680000000000001137e+01 8.581234271059340041e-16 nan nan nan nan nan nan
1.700000000000001066e+01 5.994177063229191511e-16 nan nan nan nan nan nan
1.720000000000000995e+01 4.191178627101465645e-16 nan nan nan nan nan nan
1.740000000000001279e+01 2.933326755537802937e-16 nan nan nan nan nan nan
1.760000000000001208e+01 2.054910802181410339e-16 nan nan nan nan nan nan
1.780000000000001137e+01 1.440867721276287654e-16 nan nan nan nan nan nan
1.800000000000001066e+01 1.011216161876063500e-16 nan nan nan nan nan nan
1.820000000000001350e+01 7.103013402801125318e-17 nan nan nan nan nan nan
1.840000000000001279e+01 4.993555491198663772e-17 nan nan nan nan nan nan
1.860000000000001208e+01 3.513464213843540890e-17 nan nan nan nan nan nan
1.880000000000001137e+01 2.474054990575981247e-17 nan nan nan nan nan nan
1.900000000000001421e+01 1.743496451650881847e-17 nan nan nan nan nan nan
1.920000000000001350e+01 1.229590401132218677e-17 nan nan nan nan nan nan
1.940000000000001279e+01 8.677954429668903613e-18 nan nan nan nan nan nan
1.960000000000001208e+01 6.128887971053608311e-18 nan nan nan nan nan nan
1.980000000000001492e+01 4.331551072362574615e-18 nan nan nan nan nan nan
