2.000000000000000111e-01 2.001492510776269884e-01 2.439961962062800124e-02 3.091505068690943159e-02 4.807413966349876819e-03 1.463714781485314469e-03 2.122966186004764002e-04 1.236190548458914699e-04
4.000000000000000222e-01 6.306087290564828252e-02 1.431570210839105267e-02 2.567464244530198725e-02 4.822444981783304344e-03 1.881503802827951119e-03 2.384425963670446468e-04 1.275931297210418608e-04
5.999999999999999778e-01 2.740828373342086427e-02 1.038879838855378407e-02 2.311624394865425744e-02 4.879280247604140044e-03 1.972374531487997105e-03 2.377651602737465835e-04 1.237008955701417526e-04
8.000000000000000444e-01 8.419361579276033597e-03 1.257764692361934382e-02 3.420290063404977238e-02 8.011742375115543310e-03 3.481752409485384253e-03 4.084626872054342205e-04 1.911440936331524720e-04
1.000000000000000000e+00 3.112410430590902260e-03 1.331007285088234640e-02 4.526459190044880565e-02 1.146284388330717600e-02 5.449943293103867194e-03 6.793277178147039130e-04 2.955832401732546352e-04
1.199999999999999956e+00 1.510899969950745166e-03 1.063249052924376131e-02 4.787024237827016554e-02 1.278094937772223175e-02 6.584886713559920217e-03 9.173985241656484272e-04 4.214374505582382715e-04
1.399999999999999911e+00 7.519825026136254132e-04 7.897326961148011526e-03 5.092127542477516144e-02 1.404802897295288726e-02 7.709200533326012079e-03 1.185444353706372909e-03 6.084925112164564021e-04
1.600000000000000089e+00 3.973498848888361084e-04 4.596822731562426496e-03 5.249610487657175445e-02 1.478981284916440313e-02 8.520760488715218087e-03 1.409789700656953080e-03 8.036709178212964304e-04
1.800000000000000044e+00 2.218671174574418528e-04 9.151772851051758872e-04 5.254844067770347849e-02 1.499653773138935435e-02 8.983344989079274090e-03 1.564101230957496433e-03 9.632483678960989922e-04
2.000000000000000000e+00 1.295678921216038325e-04 -2.897855654938302772e-03 5.145844190757643127e-02 1.478120570880160980e-02 9.155317456909712812e-03 1.649030338198976100e-03 1.067952739692361883e-03
2.200000000000000178e+00 8.104786416303194337e-05 -6.459488236511482483e-03 4.806927540502807517e-02 1.384296378691918412e-02 8.848560450866963661e-03 1.636559425667484221e-03 1.088643601631051651e-03
2.399999999999999911e+00 5.149604289406081736e-05 -9.785579300785173656e-03 4.502311729771060062e-02 1.293296395774338331e-02 8.526089600998284709e-03 1.609737885795355008e-03 1.085849103889774880e-03
2.600000000000000089e+00 3.334463922766973639e-05 -1.282094155385239513e-02 4.206075209234571427e-02 1.200126432933491978e-02 8.161704858484806341e-03 1.569705608663372323e-03 1.067777189496372809e-03
2.799999999999999822e+00 2.200417793107496903e-05 -1.551396979439601670e-02 3.910785381334287020e-02 1.104302520459920708e-02 7.754480493435716992e-03 1.521008800739649626e-03 1.039217910166492136e-03
3.000000000000000000e+00 1.477906648789521363e-05 -1.784386351597251966e-02 3.616520933754337197e-02 1.007258955292313768e-02 7.316824415015558795e-03 1.465352921388359334e-03 1.004296372368153247e-03
3.200000000000000178e+00 1.028208287650908916e-05 -1.945609594291516226e-02 3.264205597361135441e-02 8.944874346354887706e-03 6.750308490303600674e-03 1.379869562222486596e-03 9.517285558467302896e-04
3.399999999999999911e+00 7.219811094469461771e-06 -2.079126274111443504e-02 2.946082282942377728e-02 7.911253312339694074e-03 6.232220187956001578e-03 1.297547329511636750e-03 9.043995988150727895e-04
3.600000000000000089e+00 5.123485798801363993e-06 -2.185222634661719565e-02 2.652827608343311799e-02 6.948225870652855081e-03 5.750489700512523110e-03 1.211398365456888091e-03 8.604679306437447526e-04
3.799999999999999822e+00 3.676713202007752596e-06 -2.264710385885831609e-02 2.380251105847386653e-02 6.047149788790537155e-03 5.299078800474539552e-03 1.121472921839952773e-03 8.169213376571306294e-04
4.000000000000000000e+00 2.667205090763214480e-06 -2.321006453229023520e-02 2.127870122173886394e-02 5.208408160512726683e-03 4.878556551123207005e-03 1.027977407519614205e-03 7.722087695050386044e-04
4.200000000000000178e+00 1.978753558487513515e-06 nan nan nan nan nan nan
4.400000000000000355e+00 1.476179185301295690e-06 nan nan nan nan nan nan
4.600000000000000533e+00 1.108531257070272865e-06 nan nan nan nan nan nan
4.800000000000000711e+00 8.384326024519074164e-07 nan nan nan nan nan nan
5.000000000000000888e+00 6.389465533414468462e-07 nan nan nan nan nan nan
5.200000000000001066e+00 4.968677951609250601e-07 nan nan nan nan nan nan
5.400000000000001243e+00 3.886398602911577682e-07 nan nan nan nan nan nan
5.600000000000001421e+00 3.059057454168280777e-07 nan nan nan nan nan nan
5.800000000000001599e+00 2.423320121208647388e-07 nan nan nan nan nan nan
6.000000000000001776e+00 1.931405388887991497e-07 nan nan nan nan nan nan
6.200000000000001954e+00 1.566560399744055855e-07 nan nan nan nan nan nan
6.400000000000002132e+00 1.276565565909278177e-07 nan nan nan nan nan nan
6.600000000000002309e+00 1.045157769270498096e-07 nan nan nan nan nan nan
6.800000000000002487e+00 8.596797679835385613e-08 nan nan nan nan nan nan
7.000000000000002665e+00 7.103568793642904714e-08 nan nan nan nan nan nan
7.200000000000002842e+00 5.947937491969313370e-08 nan nan nan nan nan nan
7.400000000000003020e+00 4.996128595943674195e-08 nan nan nan nan nan nan
7.600000000000003197e+00 4.209710628427999709e-08 nan nan nan nan nan nan
7.800000000000003375e+00 3.557632268734236550e-08 nan nan nan nan nan nan
8.000000000000003553e+00 3.015067429964380630e-08 nan nan nan nan nan nan
8.200000000000002842e+00 2.582653637825073307e-08 nan nan nan nan nan nan
8.400000000000003908e+00 2.215738642580567457e-08 nan nan nan nan nan nan
8.600000000000004974e+00 1.904265969566968591e-08 nan nan nan nan nan nan
8.800000000000004263e+00 1.639648998796957193e-08 nan nan nan nan nan nan
9.000000000000003553e+00 1.414580341111400692e-08 nan nan nan nan nan nan
9.200000000000004619e+00 1.230599551811898901e-08 nan nan nan nan nan nan
9.400000000000005684e+00 1.071625867547104044e-08 nan nan nan nan nan nan
9.600000000000004974e+00 9.342356722556856069e-09 nan nan nan nan nan nan
9.800000000000004263e+00 8.154370131019789409e-09 nan nan nan nan nan nan
1.000000000000000533e+01 7.126370792341272348e-09 nan nan nan nan nan nan
1.020000000000000639e+01 6.269332670801727029e-09 nan nan nan nan nan nan
1.040000000000000568e+01 5.519527044830212736e-09 nan nan nan nan nan nan
1.060000000000000497e+01 4.863317225824339307e-09 nan nan nan nan nan nan
1.080000000000000604e+01 4.288754712358136203e-09 nan nan nan nan nan nan
1.100000000000000711e+01 3.785521861991666026e-09 nan nan nan nan nan nan
1.120000000000000639e+01 3.360514719464964220e-09 nan nan nan nan nan nan
1.140000000000000568e+01 2.984460409578855691e-09 nan nan nan nan nan nan
1.160000000000000675e+01 2.651812485939276792e-09 nan nan nan nan nan nan
1.180000000000000782e+01 2.357642566551438335e-09 nan nan nan nan nan nan
1.200000000000000711e+01 2.097629899518869872e-09 nan nan nan nan nan nan
1.220000000000000639e+01 1.875123468109219785e-09 nan nan nan nan nan nan
1.240000000000000568e+01 1.676975478160578061e-09 nan nan nan nan nan nan
1.260000000000000853e+01 1.500454030039983725e-09 nan nan nan nan nan nan
1.280000000000000782e+01 1.343141750778919293e-09 nan nan nan nan nan nan
1.300000000000000711e+01 1.202933835465785117e-09 nan nan nan nan nan nan
1.320000000000000639e+01 1.081925752465980808e-09 nan nan nan nan nan nan
1.340000000000000924e+01 9.734193940123569246e-10 nan nan nan nan nan nan
1.360000000000000853e+01 8.760809729259051416e-10 nan nan nan nan nan nan
1.380000000000000782e+01 7.887190200325308625e-10 nan nan nan nan nan nan
1.400000000000000711e+01 7.102840056123727744e-10 nan nan nan nan nan nan
1.420000000000000995e+01 6.421626660764679975e-10 nan nan nan nan nan nan
1.440000000000000924e+01 5.806891731778734496e-10 nan nan nan nan nan nan
1.460000000000000853e+01 5.252275900098189150e-10 nan nan nan nan nan nan
1.480000000000000782e+01 4.751921241605015774e-10 nan nan nan nan nan nan
1.500000000000001066e+01 4.300470525292683695e-10 nan nan nan nan nan nan
1.520000000000000995e+01 3.905490630144659866e-10 nan nan nan nan nan nan
1.540000000000000924e+01 3.547248780377022483e-10 nan nan nan nan nan nan
1.560000000000000853e+01 3.222317344596707943e-10 nan nan nan nan nan nan
1.580000000000001137e+01 2.927604363953953817e-10 nan nan nan nan nan nan
1.600000000000001066e+01 2.660353399053057767e-10 nan nan nan nan nan nan
1.620000000000000995e+01 2.425102988691769620e-10 nan nan nan nan nan nan
1.640000000000000924e+01 2.211492150349098647e-10 nan nan nan nan nan nan
1.660000000000001208e+01 2.016760419133806171e-10 nan nan nan nan nan nan
1.680000000000001137e+01 1.839017333609831621e-10 nan nan nan nan nan nan
1.700000000000001066e+01 1.677242403917881084e-10 nan nan nan nan nan nan
1.720000000000000995e+01 1.534204504748814815e-10 nan nan nan nan nan nan
1.740000000000001279e+01 1.403347664261670123e-10 nan nan nan nan nan nan
1.760000000000001208e+01 1.283786490208852142e-10 nan nan nan nan nan nan
1.780000000000001137e+01 1.174549879337995750e-10 nan nan nan nan nan nan
1.800000000000001066e+01 1.074581010620875876e-10 nan nan nan nan nan nan
1.820000000000001350e+01 9.857987038093260791e-11 nan nan nan nan nan nan
1.840000000000001279e+01 9.043368516525633280e-11 nan nan nan nan nan nan
1.860000000000001208e+01 8.296077191238096800e-11 nan nan nan nan nan nan
1.880000000000001137e+01 7.610947984147477091e-11 nan nan nan nan nan nan
1.900000000000001421e+01 6.983528074722202953e-11 nan nan nan nan nan nan
1.920000000000001350e+01 6.424037266597533549e-11 nan nan nan nan nan nan
1.940000000000001279e+01 5.908840128702961824e-11 nan nan nan nan nan nan
1.960000000000001208e+01 5.434688159811090817e-11 nan nan nan nan nan nan
1.980000000000001492e+01 4.998756935234305457e-11 nan nan nan nan nan nan
