2.000000000000000111e-01 5.450093880192849127e+00 1.683897049092341475e-02 4.674305800163140040e-02 1.103576447245036181e-02 3.412503980962419692e-03 7.161289114124031342e-04 8.751840889938203034e-05
4.000000000000000222e-01 9.563807342074828188e-01 1.845116834319217303e-02 6.806455518325245369e-02 1.851264035628904028e-02 6.934893148110164024e-03 2.005066802099848573e-03 4.584574885293675179e-04
5.999999999999999778e-01 2.841348672844365431e-01 1.970501997146109283e-02 8.946490355860692301e-02 2.617433909245741111e-02 1.010596431495968534e-02 3.025795996651174744e-03 7.307430145392518079e-04
8.000000000000000444e-01 1.051037425777906625e-01 1.813163197057226714e-02 1.113813172469301643e-01 3.602842065576464942e-02 1.483037719781073356e-02 4.508259381503332101e-03 1.071253407151366100e-03
1.000000000000000000e+00 4.379971058603848028e-02 1.366755505748392524e-02 1.309354185841100360e-01 4.663584910958729068e-02 2.107742476400413512e-02 6.842253124648940872e-03 1.704543599592364678e-03
1.199999999999999956e+00 1.970300058568702495e-02 7.167171605301927463e-03 1.469291328271412900e-01 5.649831212374684802e-02 2.771326199032562651e-02 9.750306889581266540e-03 2.666161217499622704e-03
1.399999999999999911e+00 9.368231470443539460e-03 -5.563521989061476040e-04 1.594950577870056230e-01 6.499173834600815991e-02 3.388681691218174002e-02 1.273191105087361288e-02 3.740558286423740792e-03
1.600000000000000089e+00 4.652217629202878325e-03 -9.096994741447799598e-03 1.692826561033526078e-01 7.212352690442662417e-02 3.933165173850856206e-02 1.551298324984919097e-02 4.756032379635725081e-03
1.800000000000000044e+00 2.394161644307376668e-03 -1.834125469913146234e-02 1.769190801741430952e-01 7.808940930504296163e-02 4.406631847773136157e-02 1.802971504477686795e-02 5.652270968338028723e-03
2.000000000000000000e+00 1.269752342258279954e-03 -2.825974203531324280e-02 1.828582956316944508e-01 8.305814408337691690e-02 4.815704327870291152e-02 2.029504890029755135e-02 6.423052595063415485e-03
2.200000000000000178e+00 6.911485931348955187e-04 -3.880583905903577796e-02 1.874127414328091434e-01 8.713476102767360454e-02 5.164505823888527331e-02 2.232452105045356142e-02 7.078103617482550854e-03
2.399999999999999911e+00 3.849184331144927737e-04 -4.990457143188282291e-02 1.908169961023035432e-01 9.038317114690069820e-02 5.455294243756873829e-02 2.412063467509494366e-02 7.623506241681019327e-03
2.600000000000000089e+00 2.188178300436805195e-04 -6.146921727085180587e-02 1.932643233116709824e-01 9.285437101810291305e-02 5.690294779477252790e-02 2.568676925078401327e-02 8.060066801129365383e-03
2.799999999999999822e+00 1.267394117242947747e-04 -7.340970705799886031e-02 1.949188284793478831e-01 9.459807743034163996e-02 5.872883366251725745e-02 2.703291157367934336e-02 8.390900123969185359e-03
3.000000000000000000e+00 7.468282658436703459e-05 -8.562950644087603813e-02 1.959197225564480727e-01 9.566554801856740065e-02 6.007395760734061951e-02 2.817150172554774845e-02 8.621881925695585799e-03
3.200000000000000178e+00 4.472016061518553832e-05 -9.802125082184075244e-02 1.963861637239037172e-01 9.611663866920377997e-02 6.098873832414034024e-02 2.912431448867461650e-02 8.759880569068553835e-03
3.399999999999999911e+00 2.718622125932613817e-05 -1.104687205591995958e-01 1.964189621685439313e-01 9.602387622220147356e-02 6.153120311435299888e-02 2.992003766916762758e-02 8.819862011092511819e-03
3.600000000000000089e+00 1.676566633349079800e-05 -1.228571369068825053e-01 1.961079855074468192e-01 9.546714303367812016e-02 6.177120689257933894e-02 3.059526213061490932e-02 8.821048518082866274e-03
3.799999999999999822e+00 1.048172843989522096e-05 -1.350832514650922300e-01 1.955318305036164439e-01 9.453338225017640650e-02 6.178308266985779729e-02 3.118630863379338869e-02 8.782852110747713797e-03
4.000000000000000000e+00 6.639327671122387165e-06 -1.470515321245255969e-01 1.947538731346473428e-01 9.329594185067709156e-02 6.163602905837217011e-02 3.172350534609404832e-02 8.715484663632285314e-03
4.200000000000000178e+00 4.207963158405605713e-06 nan nan nan nan nan nan
4.400000000000000355e+00 2.668568294618341812e-06 nan nan nan nan nan nan
4.600000000000000533e+00 1.693343739635532955e-06 nan nan nan nan nan nan
4.800000000000000711e+00 1.075162440665555725e-06 nan nan nan nan nan nan
5.000000000000000888e+00 6.830725419883555182e-07 nan nan nan nan nan nan
5.200000000000001066e+00 4.342350476537506517e-07 nan nan nan nan nan nan
5.400000000000001243e+00 2.762164966532885229e-07 nan nan nan nan nan nan
5.600000000000001421e+00 1.758094888635382639e-07 nan nan nan nan nan nan
5.800000000000001599e+00 1.119706239116193016e-07 nan nan nan nan nan nan
6.000000000000001776e+00 7.135689791923414676e-08 nan nan nan nan nan nan
6.200000000000001954e+00 4.550286528877059202e-08 nan nan nan nan nan nan
6.400000000000002132e+00 2.903441891361864203e-08 nan nan nan nan nan nan
6.600000000000002309e+00 1.853786346689653774e-08 nan nan nan nan nan nan
6.800000000000002487e+00 1.184346396105725286e-08 nan nan nan nan nan nan
7.000000000000002665e+00 7.571301530859068524e-09 nan nan nan nan nan nan
7.200000000000002842e+00 4.843230346870184869e-09 nan nan nan nan nan nan
7.400000000000003020e+00 3.100076189785823186e-09 nan nan nan nan nan nan
7.600000000000003197e+00 1.985555255179648299e-09 nan nan nan nan nan nan
7.800000000000003375e+00 1.272516695287096324e-09 nan nan nan nan nan nan
8.000000000000003553e+00 8.160490503209644790e-10 nan nan nan nan nan nan
8.200000000000002842e+00 5.236480490801127532e-10 nan nan nan nan nan nan
8.400000000000003908e+00 3.362266880843166777e-10 nan nan nan nan nan nan
8.600000000000004974e+00 2.160196140517710803e-10 nan nan nan nan nan nan
8.800000000000004263e+00 1.388740728397923568e-10 nan nan nan nan nan nan
9.000000000000003553e+00 8.933356141337475852e-11 nan nan nan nan nan nan
9.200000000000004619e+00 5.750054392718059503e-11 nan nan nan nan nan nan
9.400000000000005684e+00 3.703320211062678667e-11 nan nan nan nan nan nan
9.600000000000004974e+00 2.386550375885436239e-11 nan nan nan nan nan nan
9.800000000000004263e+00 1.538890937052982807e-11 nan nan nan nan nan nan
1.000000000000000533e+01 9.928889831872398701e-12 nan nan nan nan nan nan
1.020000000000000639e+01 6.409833244082257224e-12 nan nan nan nan nan nan
1.040000000000000568e+01 4.140410467694636479e-12 nan nan nan nan nan nan
1.060000000000000497e+01 2.676011643015510836e-12 nan nan nan nan nan nan
1.080000000000000604e+01 1.730524353630337248e-12 nan nan nan nan nan nan
1.100000000000000711e+01 1.119720455880092605e-12 nan nan nan nan nan nan
1.120000000000000639e+01 7.249042434192075217e-13 nan nan nan nan nan nan
1.140000000000000568e+01 4.695562805767943778e-13 nan nan nan nan nan nan
1.160000000000000675e+01 3.043178315386164827e-13 nan nan nan nan nan nan
1.180000000000000782e+01 1.973315587244519022e-13 nan nan nan nan nan nan
1.200000000000000711e+01 1.280240830419533112e-13 nan nan nan nan nan nan
1.220000000000000639e+01 8.310158218931956143e-14 nan nan nan nan nan nan
1.240000000000000568e+01 5.396918321911383280e-14 nan nan nan nan nan nan
1.260000000000000853e+01 3.506692768437439787e-14 nan nan nan nan nan nan
1.280000000000000782e+01 2.279613623742643554e-14 nan nan nan nan nan nan
1.300000000000000711e+01 1.482629764686452163e-14 nan nan nan nan nan nan
1.320000000000000639e+01 9.647357784106358098e-15 nan nan nan nan nan nan
1.340000000000000924e+01 6.280359173146741211e-15 nan nan nan nan nan nan
1.360000000000000853e+01 4.090319273189900183e-15 nan nan nan nan nan nan
1.380000000000000782e+01 2.665156737102680638e-15 nan nan nan nan nan nan
1.400000000000000711e+01 1.737309926933293405e-15 nan nan nan nan nan nan
1.420000000000000995e+01 1.132966388253816556e-15 nan nan nan nan nan nan
1.440000000000000924e+01 7.391594107491471546e-16 nan nan nan nan nan nan
1.460000000000000853e+01 4.824327104743574816e-16 nan nan nan nan nan nan
1.480000000000000782e+01 3.149989746745674420e-16 nan nan nan nan nan nan
1.500000000000001066e+01 2.057555302795107054e-16 nan nan nan nan nan nan
1.520000000000000995e+01 1.344497898827588108e-16 nan nan nan nan nan nan
1.540000000000000924e+01 8.788833818913603120e-17 nan nan nan nan nan nan
1.560000000000000853e+01 5.747264775338085727e-17 nan nan nan nan nan nan
1.580000000000001137e+01 3.759640651189542658e-17 nan nan nan nan nan nan
1.600000000000001066e+01 2.460271517763534702e-17 nan nan nan nan nan nan
1.620000000000000995e+01 1.610526029287003564e-17 nan nan nan nan nan nan
1.640000000000000924e+01 1.054622296721873227e-17 nan nan nan nan nan nan
1.660000000000001208e+01 6.908236148604817010e-18 nan nan nan nan nan nan
1.680000000000001137e+01 4.526630163950921221e-18 nan nan nan nan nan nan
1.700000000000001066e+01 2.966996985730010439e-18 nan nan nan nan nan nan
1.720000000000000995e+01 1.945315957854883743e-18 nan nan nan nan nan nan
1.740000000000001279e+01 1.275824397916722862e-18 nan nan nan nan nan nan
1.760000000000001208e+01 8.369821245296949536e-19 nan nan nan nan nan nan
1.780000000000001137e+01 5.492408960916670481e-19 nan nan nan nan nan nan
1.800000000000001066e+01 3.605187826525524216e-19 nan nan nan nan nan nan
1.820000000000001350e+01 2.367054584566289702e-19 nan nan nan nan nan nan
1.840000000000001279e+01 1.554537006285592976e-19 nan nan nan nan nan nan
1.860000000000001208e+01 1.021182593235914485e-19 nan nan nan nan nan nan
1.880000000000001137e+01 6.709844929079796134e-20 nan nan nan nan nan nan
1.900000000000001421e+01 4.409867745196407189e-20 nan nan nan nan nan nan
1.920000000000001350e+01 2.898944977101012737e-20 nan nan nan nan nan nan
1.940000000000001279e+01 1.906132535918650673e-20 nan nan nan nan nan nan
1.960000000000001208e+01 1.253609814526198839e-20 nan nan nan nan nan nan
1.980000000000001492e+01 8.246418211130262458e-21 nan nan nan nan nan nan
