2.000000000000000111e-01 nan nan nan nan nan nan nan
4.000000000000000222e-01 9.420606395232983488e+00 2.216437474443603423e-02 5.332840311530788469e-02 1.835722570591205235e-02 7.968463800342382927e-03 2.582928055868535886e-03 8.793470658968470565e-04
5.999999999999999778e-01 3.029765260119915649e+00 2.379594188795800327e-02 6.597844959064941284e-02 2.415179415470049967e-02 1.072563104149860946e-02 3.583386186436996086e-03 1.277446784841943395e-03
8.000000000000000444e-01 1.221534906145185451e+00 2.346024471086717231e-02 7.837457383944683442e-02 3.106496364929653420e-02 1.437588818698183613e-02 4.856892423890979416e-03 1.701524088721733351e-03
1.000000000000000000e+00 5.553176978985050471e-01 2.082173781602057044e-02 8.957957985954378977e-02 3.850586691546797891e-02 1.900957518478299177e-02 6.727823062522649347e-03 2.363151382834955978e-03
1.199999999999999956e+00 2.717016459889247115e-01 1.627787051985048195e-02 9.903720266692191132e-02 4.570533371020805979e-02 2.410192638832539189e-02 9.121560186334226605e-03 3.341384393688435778e-03
1.399999999999999911e+00 1.398334405933580049e-01 1.049763984065707478e-02 1.066342880394106768e-01 5.215997778967017273e-02 2.910318720455732505e-02 1.177806743967644600e-02 4.553323022677331980e-03
1.600000000000000089e+00 7.476393530217770311e-02 4.049467217126028265e-03 1.125777254477377115e-01 5.771276480001800990e-02 3.369626188166096464e-02 1.445411875951114859e-02 5.857651606234328540e-03
1.800000000000000044e+00 4.121308433809247468e-02 -2.754627586075176181e-03 1.172024062861439092e-01 6.244118900018141849e-02 3.780755800257434851e-02 1.702889357802415266e-02 7.156518311264749820e-03
2.000000000000000000e+00 2.330219885254325093e-02 -9.799112133475538361e-03 1.208068773627288262e-01 6.648428157822011686e-02 4.147913165782610156e-02 1.948157474101796724e-02 8.414484231828519775e-03
2.200000000000000178e+00 1.346326306219977793e-02 -1.704857945736531696e-02 1.236073100370271710e-01 6.995446815970214616e-02 4.477413535902939612e-02 2.182837735266702356e-02 9.632891203199782718e-03
2.399999999999999911e+00 7.926309998707239610e-03 -2.447241959993332050e-02 1.257497438860606109e-01 7.292174365598334818e-02 4.773843554040350240e-02 2.408287968869685450e-02 1.081884944152009670e-02
2.600000000000000089e+00 4.744823278541348416e-03 -3.202300117855649136e-02 1.273351527697349495e-01 7.542459614055750661e-02 5.039573725475778032e-02 2.624921084498527471e-02 1.197114157101858943e-02
2.799999999999999822e+00 2.883149949184770060e-03 -3.964124029749226813e-02 1.284378199623335548e-01 7.748588601541082921e-02 5.275552042773835881e-02 2.832227496501171435e-02 1.308345220673756172e-02
3.000000000000000000e+00 1.775978767284135638e-03 -4.726255395922802915e-02 1.291173458692969067e-01 7.912189553374576745e-02 5.482237332815895203e-02 3.029297928149588676e-02 1.414721443269870670e-02
3.200000000000000178e+00 1.107830983042491996e-03 -5.482351807273549982e-02 1.294236606984265070e-01 8.034648580544079266e-02 5.660090545895103686e-02 3.215159774331263765e-02 1.515313721132012167e-02
3.399999999999999911e+00 6.992024055242609861e-04 -6.226514794556751303e-02 1.294013420586265228e-01 8.117343872584786846e-02 5.809810769403308400e-02 3.388854033228166918e-02 1.609293516549175837e-02
3.600000000000000089e+00 4.461909724644116861e-04 -6.953586874062438195e-02 1.290913999345030261e-01 8.161711114936004430e-02 5.932313916212798854e-02 3.549587926333420962e-02 1.696010715342895214e-02
3.799999999999999822e+00 2.877226585890233445e-04 -7.659049037866981491e-02 1.285310108724203038e-01 8.169113327027903437e-02 6.028701261114980531e-02 3.696787155562241550e-02 1.775061165294461452e-02
4.000000000000000000e+00 1.873927998084774880e-04 -8.339040900168362414e-02 1.277537725737178664e-01 8.140987051844812694e-02 6.100193765539018570e-02 3.829991375601433240e-02 1.846076009526991316e-02
4.200000000000000178e+00 1.220752916341663597e-04 nan nan nan nan nan nan
4.400000000000000355e+00 7.954251634719398370e-05 nan nan nan nan nan nan
4.600000000000000533e+00 5.184038496333846741e-05 nan nan nan nan nan nan
4.800000000000000711e+00 3.379364982415589705e-05 nan nan nan nan nan nan
5.000000000000000888e+00 2.203436930880922769e-05 nan nan nan nan nan nan
5.200000000000001066e+00 1.437028711085203162e-05 nan nan nan nan nan nan
5.400000000000001243e+00 9.374113659508895126e-06 nan nan nan nan nan nan
5.600000000000001421e+00 6.116395839270366402e-06 nan nan nan nan nan nan
5.800000000000001599e+00 3.991739588533041509e-06 nan nan nan nan nan nan
6.000000000000001776e+00 2.605737787758238753e-06 nan nan nan nan nan nan
6.200000000000001954e+00 1.701381690077364173e-06 nan nan nan nan nan nan
6.400000000000002132e+00 1.111158386117608699e-06 nan nan nan nan nan nan
6.600000000000002309e+00 7.258618684016968678e-07 nan nan nan nan nan nan
6.800000000000002487e+00 4.742817573557028605e-07 nan nan nan nan nan nan
7.000000000000002665e+00 3.099730231767744226e-07 nan nan nan nan nan nan
7.200000000000002842e+00 2.026361969789802574e-07 nan nan nan nan nan nan
7.400000000000003020e+00 1.325001593352838008e-07 nan nan nan nan nan nan
7.600000000000003197e+00 8.666078342077517513e-08 nan nan nan nan nan nan
7.800000000000003375e+00 5.669388708818723886e-08 nan nan nan nan nan nan
8.000000000000003553e+00 3.709862701273461469e-08 nan nan nan nan nan nan
8.200000000000002842e+00 2.428219661605074673e-08 nan nan nan nan nan nan
8.400000000000003908e+00 1.589743932425553564e-08 nan nan nan nan nan nan
8.600000000000004974e+00 1.041060516060353108e-08 nan nan nan nan nan nan
8.800000000000004263e+00 6.819222765364942330e-09 nan nan nan nan nan nan
9.000000000000003553e+00 4.467909578578938782e-09 nan nan nan nan nan nan
9.200000000000004619e+00 2.928093510661867833e-09 nan nan nan nan nan nan
9.400000000000005684e+00 1.919451019919284149e-09 nan nan nan nan nan nan
9.600000000000004974e+00 1.258580761670501054e-09 nan nan nan nan nan nan
9.800000000000004263e+00 8.254628309154804406e-10 nan nan nan nan nan nan
1.000000000000000533e+01 5.415352495502677005e-10 nan nan nan nan nan nan
1.020000000000000639e+01 3.553604474515939377e-10 nan nan nan nan nan nan
1.040000000000000568e+01 2.332517685208069582e-10 nan nan nan nan nan nan
1.060000000000000497e+01 1.531421114139077476e-10 nan nan nan nan nan nan
1.080000000000000604e+01 1.005723151707401921e-10 nan nan nan nan nan nan
1.100000000000000711e+01 6.606579654943250512e-11 nan nan nan nan nan nan
1.120000000000000639e+01 4.340997818771481265e-11 nan nan nan nan nan nan
1.140000000000000568e+01 2.853102345221712365e-11 nan nan nan nan nan nan
1.160000000000000675e+01 1.875686381205335346e-11 nan nan nan nan nan nan
1.180000000000000782e+01 1.233440951587199679e-11 nan nan nan nan nan nan
1.200000000000000711e+01 8.113194918741588747e-12 nan nan nan nan nan nan
1.220000000000000639e+01 5.338029639183037713e-12 nan nan nan nan nan nan
1.240000000000000568e+01 3.513060773064352151e-12 nan nan nan nan nan nan
1.260000000000000853e+01 2.312629243421206389e-12 nan nan nan nan nan nan
1.280000000000000782e+01 1.522797162436390408e-12 nan nan nan nan nan nan
1.300000000000000711e+01 1.002983520284953831e-12 nan nan nan nan nan nan
1.320000000000000639e+01 6.607865502606181176e-13 nan nan nan nan nan nan
1.340000000000000924e+01 4.354559073787962952e-13 nan nan nan nan nan nan
1.360000000000000853e+01 2.870401691017377580e-13 nan nan nan nan nan nan
1.380000000000000782e+01 1.892589994686776150e-13 nan nan nan nan nan nan
1.400000000000000711e+01 1.248204132618483672e-13 nan nan nan nan nan nan
1.420000000000000995e+01 8.234357464873395811e-14 nan nan nan nan nan nan
1.440000000000000924e+01 5.433611950893217103e-14 nan nan nan nan nan nan
1.460000000000000853e+01 3.586427637513448396e-14 nan nan nan nan nan nan
1.480000000000000782e+01 2.367826037480438601e-14 nan nan nan nan nan nan
1.500000000000001066e+01 1.563692892356318458e-14 nan nan nan nan nan nan
1.520000000000000995e+01 1.032920119778425427e-14 nan nan nan nan nan nan
1.540000000000000924e+01 6.824883449797807010e-15 nan nan nan nan nan nan
1.560000000000000853e+01 4.510623324420268596e-15 nan nan nan nan nan nan
1.580000000000001137e+01 2.981880708229865667e-15 nan nan nan nan nan nan
1.600000000000001066e+01 1.971768314111943384e-15 nan nan nan nan nan nan
1.620000000000000995e+01 1.304166133153472411e-15 nan nan nan nan nan nan
1.640000000000000924e+01 8.628212718209682089e-16 nan nan nan nan nan nan
1.660000000000001208e+01 5.709776446102614860e-16 nan nan nan nan nan nan
1.680000000000001137e+01 3.779437073372457256e-16 nan nan nan nan nan nan
1.700000000000001066e+01 2.502328231936751835e-16 nan nan nan nan nan nan
1.720000000000000995e+01 1.657180973794489697e-16 nan nan nan nan nan nan
1.740000000000001279e+01 1.097749995176457797e-16 nan nan nan nan nan nan
1.760000000000001208e+01 7.273511055250705261e-17 nan nan nan nan nan nan
1.780000000000001137e+01 4.820490189003984692e-17 nan nan nan nan nan nan
1.800000000000001066e+01 3.195538148071029630e-17 nan nan nan nan nan nan
1.820000000000001350e+01 2.118857510468482783e-17 nan nan nan nan nan nan
1.840000000000001279e+01 1.405282561479542597e-17 nan nan nan nan nan nan
1.860000000000001208e+01 9.322425389613520695e-18 nan nan nan nan nan nan
1.880000000000001137e+01 6.185811819671323757e-18 nan nan nan nan nan nan
1.900000000000001421e+01 4.105501118086898985e-18 nan nan nan nan nan nan
1.920000000000001350e+01 2.725438982039814630e-18 nan nan nan nan nan nan
1.940000000000001279e+01 1.809700418189099660e-18 nan nan nan nan nan nan
1.960000000000001208e+01 1.201921058480366342e-18 nan nan nan nan nan nan
1.980000000000001492e+01 7.984418995768964010e-19 nan nan nan nan nan nan
