2.000000000000000111e-01 nan nan nan nan nan nan nan
4.000000000000000222e-01 nan nan nan nan nan nan nan
5.999999999999999778e-01 5.172027223500909265e+00 2.186934540475560587e-02 5.700945611542096447e-02 2.270569898035392983e-02 1.211142689783524344e-02 4.152100471604258831e-03 1.235461386807843549e-03
8.000000000000000444e-01 2.128164384455455416e+00 2.165163060461241379e-02 6.699638061810081480e-02 2.861290942343678104e-02 1.593603705689565844e-02 5.535683234745304368e-03 1.624552584938225488e-03
1.000000000000000000e+00 9.875545244242676102e-01 1.952601721797161266e-02 7.604148495709298072e-02 3.490973322954014219e-02 2.069997718707866641e-02 7.506906927754371413e-03 2.214543827934102160e-03
1.199999999999999956e+00 4.928773678711567685e-01 1.571683934150687120e-02 8.372390922882344544e-02 4.102799261834917666e-02 2.597147253876810891e-02 1.000951546367697710e-02 3.070147316495752416e-03
1.399999999999999911e+00 2.584472672336999843e-01 1.072687621891647673e-02 8.989620435294036482e-02 4.653388159813298675e-02 3.125253248762266400e-02 1.280139844060814228e-02 4.142261386333095236e-03
1.600000000000000089e+00 1.406067729883672401e-01 5.065406623257200786e-03 9.466579193975424578e-02 5.123027763867466639e-02 3.618890086657684801e-02 1.563213483986992600e-02 5.324756077994773767e-03
1.800000000000000044e+00 7.877806484377505858e-02 -9.271573098832250510e-04 9.828809965467805165e-02 5.514166814130410516e-02 4.064545735202036714e-02 1.835377825644327748e-02 6.526894828050581326e-03
2.000000000000000000e+00 4.522650115560307438e-02 -7.093419479307294488e-03 1.010259930788120347e-01 5.839153495047492981e-02 4.463949093832968174e-02 2.092126420794378910e-02 7.704491970266708935e-03
2.200000000000000178e+00 2.650808774479022911e-02 -1.338124633992794632e-02 1.030814681895756146e-01 6.109861749371291867e-02 4.823923222265916883e-02 2.334376202989752250e-02 8.849604347279008132e-03
2.399999999999999911e+00 1.581793909481778171e-02 -1.976619161385296392e-02 1.045909577368248494e-01 6.333905958807299619e-02 5.150061484514950605e-02 2.563765079949944029e-02 9.967833989764755126e-03
2.600000000000000089e+00 9.588955457325184367e-03 -2.621481758102965284e-02 1.056465320368443900e-01 6.515450314124558717e-02 5.445513365904339903e-02 2.780767501533290553e-02 1.106263962937147419e-02
2.799999999999999822e+00 5.895402535677342869e-03 -3.268244089170894290e-02 1.063144173224400829e-01 6.656969031570789119e-02 5.711586598994045777e-02 2.984744543381978241e-02 1.213085053114335184e-02
3.000000000000000000e+00 3.671153776099319276e-03 -3.912000748417956281e-02 1.066471768917638258e-01 6.760203423646771181e-02 5.948751247225568528e-02 3.174537406119468108e-02 1.316611639164522694e-02
3.200000000000000178e+00 2.313033601043775010e-03 -4.548060288650977029e-02 1.066891569230267317e-01 6.826632798102341693e-02 6.157351229469611859e-02 3.348856670145949205e-02 1.416132808782142281e-02
3.399999999999999911e+00 1.473273440342265893e-03 -5.172169284774236903e-02 1.064801003514149191e-01 6.857730434656374163e-02 6.337781657531238455e-02 3.506511760491035773e-02 1.510939684806092247e-02
3.600000000000000089e+00 9.479939280169252976e-04 -5.780574075402142992e-02 1.060549680498974051e-01 6.855026960309294759e-02 6.490651878638556416e-02 3.646556606502551062e-02 1.600412118640336806e-02
3.799999999999999822e+00 6.158854255542366412e-04 -6.370149518133574884e-02 1.054461482043808490e-01 6.820053304321478660e-02 6.616786555886268462e-02 3.768295966473575453e-02 1.684072440673526835e-02
4.000000000000000000e+00 4.037938078849887262e-04 -6.938207376338541288e-02 1.046818997339150348e-01 6.754333714752919215e-02 6.717156410872901495e-02 3.871253829042867189e-02 1.761544968569155392e-02
4.200000000000000178e+00 2.647753311375229722e-04 nan nan nan nan nan nan
4.400000000000000355e+00 1.736415505683011140e-04 nan nan nan nan nan nan
4.600000000000000533e+00 1.138906818248840912e-04 nan nan nan nan nan nan
4.800000000000000711e+00 7.471043462999053450e-05 nan nan nan nan nan nan
5.000000000000000888e+00 4.901544997166055621e-05 nan nan nan nan nan nan
5.200000000000001066e+00 3.216203444509082400e-05 nan nan nan nan nan nan
5.400000000000001243e+00 2.110634071236823839e-05 nan nan nan nan nan nan
5.600000000000001421e+00 1.385292275600123151e-05 nan nan nan nan nan nan
5.800000000000001599e+00 9.093457435793656445e-06 nan nan nan nan nan nan
6.000000000000001776e+00 5.970022130900197853e-06 nan nan nan nan nan nan
6.200000000000001954e+00 3.919965440413617779e-06 nan nan nan nan nan nan
6.400000000000002132e+00 2.574234134658518357e-06 nan nan nan nan nan nan
6.600000000000002309e+00 1.690726944682996419e-06 nan nan nan nan nan nan
6.800000000000002487e+00 1.110602473217251645e-06 nan nan nan nan nan nan
7.000000000000002665e+00 7.296316088322968627e-07 nan nan nan nan nan nan
7.200000000000002842e+00 4.794116585587096639e-07 nan nan nan nan nan nan
7.400000000000003020e+00 3.150457265536174648e-07 nan nan nan nan nan nan
7.600000000000003197e+00 2.070612093313575097e-07 nan nan nan nan nan nan
7.800000000000003375e+00 1.361081555500655749e-07 nan nan nan nan nan nan
8.000000000000003553e+00 8.948080778782596003e-08 nan nan nan nan nan nan
8.200000000000002842e+00 5.883504371385127778e-08 nan nan nan nan nan nan
8.400000000000003908e+00 3.869036185960834609e-08 nan nan nan nan nan nan
8.600000000000004974e+00 2.544662067030057246e-08 nan nan nan nan nan nan
8.800000000000004263e+00 1.673856167580033432e-08 nan nan nan nan nan nan
9.000000000000003553e+00 1.101201856388893794e-08 nan nan nan nan nan nan
9.200000000000004619e+00 7.245637241227231133e-09 nan nan nan nan nan nan
9.400000000000005684e+00 4.768119891323482774e-09 nan nan nan nan nan nan
9.600000000000004974e+00 3.138186467215301935e-09 nan nan nan nan nan nan
9.800000000000004263e+00 2.065719689112565320e-09 nan nan nan nan nan nan
1.000000000000000533e+01 1.359956952009895432e-09 nan nan nan nan nan nan
1.020000000000000639e+01 8.954474884512770086e-10 nan nan nan nan nan nan
1.040000000000000568e+01 5.896799058842583137e-10 nan nan nan nan nan nan
1.060000000000000497e+01 3.883772949429681746e-10 nan nan nan nan nan nan
1.080000000000000604e+01 2.558307137013250580e-10 nan nan nan nan nan nan
1.100000000000000711e+01 1.685438551079949457e-10 nan nan nan nan nan nan
1.120000000000000639e+01 1.110540998418493955e-10 nan nan nan nan nan nan
1.140000000000000568e+01 7.318426881372836285e-11 nan nan nan nan nan nan
1.160000000000000675e+01 4.823501099867832234e-11 nan nan nan nan nan nan
1.180000000000000782e+01 3.179571212710389678e-11 nan nan nan nan nan nan
1.200000000000000711e+01 2.096217228248565722e-11 nan nan nan nan nan nan
1.220000000000000639e+01 1.382183141061349576e-11 nan nan nan nan nan nan
1.240000000000000568e+01 9.114996132152927237e-12 nan nan nan nan nan nan
1.260000000000000853e+01 6.011861815415412234e-12 nan nan nan nan nan nan
1.280000000000000782e+01 3.965729625407924131e-12 nan nan nan nan nan nan
1.300000000000000711e+01 2.616367993988055897e-12 nan nan nan nan nan nan
1.320000000000000639e+01 1.726379087455520300e-12 nan nan nan nan nan nan
1.340000000000000924e+01 1.139292168266700063e-12 nan nan nan nan nan nan
1.360000000000000853e+01 7.519615830995748023e-13 nan nan nan nan nan nan
1.380000000000000782e+01 4.963840019685748867e-13 nan nan nan nan nan nan
1.400000000000000711e+01 3.277188785027473442e-13 nan nan nan nan nan nan
1.420000000000000995e+01 2.163947303993719470e-13 nan nan nan nan nan nan
1.440000000000000924e+01 1.429069693669489652e-13 nan nan nan nan nan nan
1.460000000000000853e+01 9.438904927011660451e-14 nan nan nan nan nan nan
1.480000000000000782e+01 6.235212363354366901e-14 nan nan nan nan nan nan
1.500000000000001066e+01 4.119478869750804364e-14 nan nan nan nan nan nan
1.520000000000000995e+01 2.722040944504004987e-14 nan nan nan nan nan nan
1.540000000000000924e+01 1.798905371280291670e-14 nan nan nan nan nan nan
1.560000000000000853e+01 1.189003729699226577e-14 nan nan nan nan nan nan
1.580000000000001137e+01 7.859941001415876243e-15 nan nan nan nan nan nan
1.600000000000001066e+01 5.196566134974977980e-15 nan nan nan nan nan nan
1.620000000000000995e+01 3.436170164643900251e-15 nan nan nan nan nan nan
1.640000000000000924e+01 2.272447301782540640e-15 nan nan nan nan nan nan
1.660000000000001208e+01 1.503051464225846589e-15 nan nan nan nan nan nan
1.680000000000001137e+01 9.942936524203198853e-16 nan nan nan nan nan nan
1.700000000000001066e+01 6.578337888761656706e-16 nan nan nan nan nan nan
1.720000000000000995e+01 4.352895931847965868e-16 nan nan nan nan nan nan
1.740000000000001279e+01 2.880718941362914485e-16 nan nan nan nan nan nan
1.760000000000001208e+01 1.906706656143333467e-16 nan nan nan nan nan nan
1.780000000000001137e+01 1.262197038497431903e-16 nan nan nan nan nan nan
1.800000000000001066e+01 8.356618871433250812e-17 nan nan nan nan nan nan
1.820000000000001350e+01 5.533425636553324180e-17 nan nan nan nan nan nan
1.840000000000001279e+01 3.664523233882256223e-17 nan nan nan nan nan nan
1.860000000000001208e+01 2.427172656311361503e-17 nan nan nan nan nan nan
1.880000000000001137e+01 1.607842549594170947e-17 nan nan nan nan nan nan
1.900000000000001421e+01 1.065236112105343091e-17 nan nan nan nan nan nan
1.920000000000001350e+01 7.058421959827784739e-18 nan nan nan nan nan nan
1.940000000000001279e+01 4.677659221798119812e-18 nan nan nan nan nan nan
1.960000000000001208e+01 3.100334936272501394e-18 nan nan nan nan nan nan
1.980000000000001492e+01 2.055169117882991962e-18 nan nan nan nan nan nan
