2.000000000000000111e-01 nan nan nan nan nan nan nan
4.000000000000000222e-01 1.263805051095161680e+01 2.005049451405885308e-02 4.355065593727054651e-02 1.676244769354192851e-02 7.191921028587696003e-03 2.371611962072181067e-03 6.659256661369043631e-04
5.999999999999999778e-01 4.076481869428539184e+00 2.158059986554174831e-02 5.382072913609250997e-02 2.196150408753930194e-02 9.662354775969423867e-03 3.281436951977069645e-03 9.669010386851536500e-04
8.000000000000000444e-01 1.646452703992961286e+00 2.134629056539513736e-02 6.392885654655958150e-02 2.822548015204087365e-02 1.295773091426998674e-02 4.443823421393037175e-03 1.288781412820794387e-03
1.000000000000000000e+00 7.487759785559221504e-01 1.899160751480249640e-02 7.304143061593991459e-02 3.500996941565845400e-02 1.717838418805896217e-02 6.159151074991302093e-03 1.792916070003899029e-03
1.199999999999999956e+00 3.660538154594066840e-01 1.485632470078645899e-02 8.066195870162479187e-02 4.159396777545540380e-02 2.186235399853554695e-02 8.366255608348175180e-03 2.542198717188008487e-03
1.399999999999999911e+00 1.880643426563910481e-01 9.548413562259156287e-03 8.667994647593990631e-02 4.749017098762273875e-02 2.651192215863297508e-02 1.082671967736356135e-02 3.478161790145531482e-03
1.600000000000000089e+00 1.003133367020796474e-01 3.611792389776494454e-03 9.127661783276358465e-02 5.253595802560574735e-02 3.082732899386626119e-02 1.331369969246384323e-02 4.493435360456094277e-03
1.800000000000000044e+00 5.514300991611730679e-02 -2.642491105275973553e-03 9.475275640557914714e-02 5.680580914362344525e-02 3.473195124532060113e-02 1.571241605274864561e-02 5.511005840810671332e-03
2.000000000000000000e+00 3.108088121545999824e-02 -9.099316361121470922e-03 9.737026982912831696e-02 6.044116003528586523e-02 3.826100706458045175e-02 1.800215906745910102e-02 6.504187165297840335e-03
2.200000000000000178e+00 1.789562413738517849e-02 -1.572526848989810183e-02 9.930998504879606781e-02 6.355406969031911213e-02 4.147101820827994029e-02 2.019805170584162979e-02 7.474825009732142221e-03
2.399999999999999911e+00 1.049611384484746765e-02 -2.249183981351166733e-02 1.006913629888773060e-01 6.621066659208356409e-02 4.440085520687739318e-02 2.231261574064390130e-02 8.428017751834359847e-03
2.600000000000000089e+00 6.257531028396338436e-03 -2.935449741599063453e-02 1.015982331276466116e-01 6.844713671205067407e-02 4.706805617198244612e-02 2.434741008783250851e-02 9.363016843861817276e-03
2.799999999999999822e+00 3.785688222870027281e-03 -3.625826521025869026e-02 1.020944479483829187e-01 7.028599194515336435e-02 4.947719319360922852e-02 2.629456749924098322e-02 1.027493930236487302e-02
3.000000000000000000e+00 2.321043619492477346e-03 -4.314454302225346344e-02 1.022324571628520501e-01 7.174425935078404537e-02 5.162801264046541772e-02 2.814282336792692241e-02 1.115703854781432448e-02
3.200000000000000178e+00 1.440665003704548648e-03 -4.995767174098923041e-02 1.020570829756244358e-01 7.283740167187773007e-02 5.352114538005027511e-02 2.988086229181217274e-02 1.200179287770433006e-02
3.399999999999999911e+00 9.045118902118942043e-04 -5.664681635623259465e-02 1.016087831920276519e-01 7.358090374610831708e-02 5.516009384284343425e-02 3.149823789559265397e-02 1.280220711832629268e-02
3.600000000000000089e+00 5.740282300628103554e-04 -6.316815108912177124e-02 1.009245498983575573e-01 7.399121368704499047e-02 5.655061976892317155e-02 3.298638776329006206e-02 1.355298755715797325e-02
3.799999999999999822e+00 3.680163809882555735e-04 -6.948406412068591775e-02 1.000384244140180290e-01 7.408415465247258913e-02 5.770070678600653508e-02 3.433946327618494360e-02 1.425042290801085444e-02
4.000000000000000000e+00 2.382349111776931754e-04 -7.556215146322355081e-02 9.898148081794737319e-02 7.387612234048697435e-02 5.861992882278874856e-02 3.555265065619994669e-02 1.489140986884931843e-02
4.200000000000000178e+00 1.542501745866848802e-04 nan nan nan nan nan nan
4.400000000000000355e+00 9.989154577165585162e-05 nan nan nan nan nan nan
4.600000000000000533e+00 6.470166028486670231e-05 nan nan nan nan nan nan
4.800000000000000711e+00 4.191664962840097557e-05 nan nan nan nan nan nan
5.000000000000000888e+00 2.716082644597667066e-05 nan nan nan nan nan nan
5.200000000000001066e+00 1.760295277732374104e-05 nan nan nan nan nan nan
5.400000000000001243e+00 1.141077252146471344e-05 nan nan nan nan nan nan
5.600000000000001421e+00 7.398308142253929528e-06 nan nan nan nan nan nan
5.800000000000001599e+00 4.797759810325978666e-06 nan nan nan nan nan nan
6.000000000000001776e+00 3.111961306980691412e-06 nan nan nan nan nan nan
6.200000000000001954e+00 2.018925833616608499e-06 nan nan nan nan nan nan
6.400000000000002132e+00 1.310080342433071441e-06 nan nan nan nan nan nan
6.600000000000002309e+00 8.502914037644988838e-07 nan nan nan nan nan nan
6.800000000000002487e+00 5.519895446747491408e-07 nan nan nan nan nan nan
7.000000000000002665e+00 3.584165354626674282e-07 nan nan nan nan nan nan
7.200000000000002842e+00 2.327771081894672564e-07 nan nan nan nan nan nan
7.400000000000003020e+00 1.512127711609253101e-07 nan nan nan nan nan nan
7.600000000000003197e+00 9.825023106111035715e-08 nan nan nan nan nan nan
7.800000000000003375e+00 6.385229728521738125e-08 nan nan nan nan nan nan
8.000000000000003553e+00 4.150670410849423401e-08 nan nan nan nan nan nan
8.200000000000002842e+00 2.698731542660553318e-08 nan nan nan nan nan nan
8.400000000000003908e+00 1.755099628518285259e-08 nan nan nan nan nan nan
8.600000000000004974e+00 1.141682793311789503e-08 nan nan nan nan nan nan
8.800000000000004263e+00 7.428338184257073620e-09 nan nan nan nan nan nan
9.000000000000003553e+00 4.834386240039555459e-09 nan nan nan nan nan nan
9.200000000000004619e+00 3.146990429832684688e-09 nan nan nan nan nan nan
9.400000000000005684e+00 2.049060717999743541e-09 nan nan nan nan nan nan
9.600000000000004974e+00 1.334505861374538162e-09 nan nan nan nan nan nan
9.800000000000004263e+00 8.693473091841031777e-10 nan nan nan nan nan nan
1.000000000000000533e+01 5.664664909751977455e-10 nan nan nan nan nan nan
1.020000000000000639e+01 3.692020631790767289e-10 nan nan nan nan nan nan
1.040000000000000568e+01 2.406932394963861615e-10 nan nan nan nan nan nan
1.060000000000000497e+01 1.569547365036176507e-10 nan nan nan nan nan nan
1.080000000000000604e+01 1.023756313011054958e-10 nan nan nan nan nan nan
1.100000000000000711e+01 6.679304626256547640e-11 nan nan nan nan nan nan
1.120000000000000639e+01 4.358923482334257724e-11 nan nan nan nan nan nan
1.140000000000000568e+01 2.845387410671610855e-11 nan nan nan nan nan nan
1.160000000000000675e+01 1.857883788565830702e-11 nan nan nan nan nan nan
1.180000000000000782e+01 1.213420868768383393e-11 nan nan nan nan nan nan
1.200000000000000711e+01 7.927220280911594053e-12 nan nan nan nan nan nan
1.220000000000000639e+01 5.180214013534962577e-12 nan nan nan nan nan nan
1.240000000000000568e+01 3.386043424616367463e-12 nan nan nan nan nan nan
1.260000000000000853e+01 2.213890329563610527e-12 nan nan nan nan nan nan
1.280000000000000782e+01 1.447901879327152221e-12 nan nan nan nan nan nan
1.300000000000000711e+01 9.472012761549658460e-13 nan nan nan nan nan nan
1.320000000000000639e+01 6.198208350113256049e-13 nan nan nan nan nan nan
1.340000000000000924e+01 4.057060023689441569e-13 nan nan nan nan nan nan
1.360000000000000853e+01 2.656309318287230846e-13 nan nan nan nan nan nan
1.380000000000000782e+01 1.739675967303701568e-13 nan nan nan nan nan nan
1.400000000000000711e+01 1.139675238402706205e-13 nan nan nan nan nan nan
1.420000000000000995e+01 7.468224849192600163e-14 nan nan nan nan nan nan
1.440000000000000924e+01 4.895281183809641636e-14 nan nan nan nan nan nan
1.460000000000000853e+01 3.209684267522259273e-14 nan nan nan nan nan nan
1.480000000000000782e+01 2.105095445108759248e-14 nan nan nan nan nan nan
1.500000000000001066e+01 1.381040566265797640e-14 nan nan nan nan nan nan
1.520000000000000995e+01 9.062887077243348212e-15 nan nan nan nan nan nan
1.540000000000000924e+01 5.949116552399384097e-15 nan nan nan nan nan nan
1.560000000000000853e+01 3.906289363362461956e-15 nan nan nan nan nan nan
1.580000000000001137e+01 2.565680542801750155e-15 nan nan nan nan nan nan
1.600000000000001066e+01 1.685649045792858913e-15 nan nan nan nan nan nan
1.620000000000000995e+01 1.107792141139456340e-15 nan nan nan nan nan nan
1.640000000000000924e+01 7.282425278022901332e-16 nan nan nan nan nan nan
1.660000000000001208e+01 4.788731478144359677e-16 nan nan nan nan nan nan
1.680000000000001137e+01 3.149862802635619249e-16 nan nan nan nan nan nan
1.700000000000001066e+01 2.072475800790835346e-16 nan nan nan nan nan nan
1.720000000000000995e+01 1.363998551176566902e-16 nan nan nan nan nan nan
1.740000000000001279e+01 8.979762528194101590e-17 nan nan nan nan nan nan
1.760000000000001208e+01 5.913466586719365630e-17 nan nan nan nan nan nan
1.780000000000001137e+01 3.895342102686336857e-17 nan nan nan nan nan nan
1.800000000000001066e+01 2.566699309423237429e-17 nan nan nan nan nan nan
1.820000000000001350e+01 1.691726068694540685e-17 nan nan nan nan nan nan
1.840000000000001279e+01 1.115348110894706054e-17 nan nan nan nan nan nan
1.860000000000001208e+01 7.355561384304295213e-18 nan nan nan nan nan nan
1.880000000000001137e+01 4.852279546538566350e-18 nan nan nan nan nan nan
1.900000000000001421e+01 3.201842544348525410e-18 nan nan nan nan nan nan
1.920000000000001350e+01 2.113381133854168663e-18 nan nan nan nan nan nan
1.940000000000001279e+01 1.395336223745861111e-18 nan nan nan nan nan nan
1.960000000000001208e+01 9.215153027938717975e-19 nan nan nan nan nan nan
1.980000000000001492e+01 6.087630568595965855e-19 nan nan nan nan nan nan
