2.000000000000000111e-01 nan nan nan nan nan nan nan
4.000000000000000222e-01 nan nan nan nan nan nan nan
5.999999999999999778e-01 2.692511095117686271e+00 2.016439873708110800e-02 7.848581692586825698e-02 2.383148360526573389e-02 1.266494979573890012e-02 4.963578600740559468e-03 1.904425552009541113e-03
8.000000000000000444e-01 1.192477542976857485e+00 1.794661466266360764e-02 8.487228058483664572e-02 2.778058163723384766e-02 1.545309590906969108e-02 6.128292563454033025e-03 2.327547354794032818e-03
1.000000000000000000e+00 5.492257113189975559e-01 1.582182170491935533e-02 9.644796729674942615e-02 3.391716572045935796e-02 2.014563998748263723e-02 8.352778932676300713e-03 3.207332347667130133e-03
1.199999999999999956e+00 2.822814711217180306e-01 1.193299532689233965e-02 1.026294400328435358e-01 3.840561088253535704e-02 2.437441356148191407e-02 1.073883064633451151e-02 4.304962030606054001e-03
1.399999999999999911e+00 1.514197140560610833e-01 7.491630224945269000e-03 1.075863066863070039e-01 4.235245521371932415e-02 2.848424276767685254e-02 1.329296735752723800e-02 5.637964120409772080e-03
1.600000000000000089e+00 8.473995298257437636e-02 2.754143939577136276e-03 1.103220025923834363e-01 4.522980153799121411e-02 3.190074737494354856e-02 1.562852343594657231e-02 6.985900955090372857e-03
1.800000000000000044e+00 4.928050301449220932e-02 -1.972868207709816812e-03 1.107707147878696646e-01 4.692580128186836508e-02 3.440129829833166175e-02 1.754177796018070376e-02 8.191697282379646963e-03
2.000000000000000000e+00 2.970469451485552650e-02 -6.463350913356894975e-03 1.090105707341435110e-01 4.743693352143431297e-02 3.590840791912680574e-02 1.893077715923604382e-02 9.161144682699715741e-03
2.200000000000000178e+00 1.871417663191196970e-02 -1.042821377995028533e-02 1.041166141402575518e-01 4.633794004385524690e-02 3.604185920825269535e-02 1.955559081779735531e-02 9.742312196643765007e-03
2.399999999999999911e+00 1.204369201632361081e-02 -1.391377375312343248e-02 9.869153530194595125e-02 4.475538574273179443e-02 3.564974778006607670e-02 1.983877645281136026e-02 1.013533140828079201e-02
2.600000000000000089e+00 7.917614318923307803e-03 -1.688359447305121455e-02 9.273859607225391766e-02 4.271718192373567813e-02 3.475391466272638452e-02 1.978794625002905719e-02 1.033788419167693678e-02
2.799999999999999822e+00 5.312456594771561118e-03 -1.930693881343726812e-02 8.638598657964022265e-02 4.030154919281921100e-02 3.341609418300301587e-02 1.943234022079839279e-02 1.035869072286262592e-02
3.000000000000000000e+00 3.631965657827686440e-03 -2.118364695733257475e-02 7.984210884100648165e-02 3.762510496729334908e-02 3.173357585813509768e-02 1.882332872029540347e-02 1.021986433677654973e-02
3.200000000000000178e+00 2.552249465308456620e-03 -2.230160524735589483e-02 7.253543313142110649e-02 3.444263651918893360e-02 2.949456827106270232e-02 1.783174286981954737e-02 9.844119871630051255e-03
3.399999999999999911e+00 1.821189176115136765e-03 -2.293188334697212824e-02 6.554585000574275622e-02 3.128076845225920971e-02 2.715705680583583789e-02 1.672284757994067089e-02 9.378447074404236070e-03
3.600000000000000089e+00 1.319213889568706093e-03 -2.311741026305971780e-02 5.890810936058547137e-02 2.818332245104857720e-02 2.477254379616462485e-02 1.553061243317954525e-02 8.843205177398985942e-03
3.799999999999999822e+00 9.693642677767752656e-04 -2.291891502750648471e-02 5.267795606613442927e-02 2.520159477568692866e-02 2.240018723671973258e-02 1.429431428503765041e-02 8.262137026672085674e-03
4.000000000000000000e+00 7.221035969129523157e-04 -2.239851699261918849e-02 4.689003537480244954e-02 2.237469814182180619e-02 2.008833139182753663e-02 1.304734703704735384e-02 7.655876135250889308e-03
4.200000000000000178e+00 5.472051705181586647e-04 nan nan nan nan nan nan
4.400000000000000355e+00 4.176120543122181740e-04 nan nan nan nan nan nan
4.600000000000000533e+00 3.212603627062422893e-04 nan nan nan nan nan nan
4.800000000000000711e+00 2.492917805511880381e-04 nan nan nan nan nan nan
5.000000000000000888e+00 1.952477745351821213e-04 nan nan nan nan nan nan
5.200000000000001066e+00 1.555117742705043149e-04 nan nan nan nan nan nan
5.400000000000001243e+00 1.249698735543905556e-04 nan nan nan nan nan nan
5.600000000000001421e+00 1.013296494454029786e-04 nan nan nan nan nan nan
5.800000000000001599e+00 8.288203873853830722e-05 nan nan nan nan nan nan
6.000000000000001776e+00 6.836088401439310326e-05 nan nan nan nan nan nan
6.200000000000001954e+00 5.724598594141494805e-05 nan nan nan nan nan nan
6.400000000000002132e+00 4.826512171142778747e-05 nan nan nan nan nan nan
6.600000000000002309e+00 4.095886801308120170e-05 nan nan nan nan nan nan
6.800000000000002487e+00 3.497238004901086054e-05 nan nan nan nan nan nan
7.000000000000002665e+00 3.003087332908002856e-05 nan nan nan nan nan nan
7.200000000000002842e+00 2.605758018433191779e-05 nan nan nan nan nan nan
7.400000000000003020e+00 2.270510276019144591e-05 nan nan nan nan nan nan
7.600000000000003197e+00 1.986517532374506832e-05 nan nan nan nan nan nan
7.800000000000003375e+00 1.744782512355455567e-05 nan nan nan nan nan nan
8.000000000000003553e+00 1.537708575038664841e-05 nan nan nan nan nan nan
8.200000000000002842e+00 1.365809786664743919e-05 nan nan nan nan nan nan
8.400000000000003908e+00 1.215285232957337472e-05 nan nan nan nan nan nan
8.600000000000004974e+00 1.084352956774369220e-05 nan nan nan nan nan nan
8.800000000000004263e+00 9.702710619957459742e-06 nan nan nan nan nan nan
9.000000000000003553e+00 8.692626454190011551e-06 nan nan nan nan nan nan
9.200000000000004619e+00 7.834375090734862877e-06 nan nan nan nan nan nan
9.400000000000005684e+00 7.070701431462840529e-06 nan nan nan nan nan nan
9.600000000000004974e+00 6.391210186400162293e-06 nan nan nan nan nan nan
9.800000000000004263e+00 5.785884040296345140e-06 nan nan nan nan nan nan
1.000000000000000533e+01 5.244951964387192732e-06 nan nan nan nan nan nan
1.020000000000000639e+01 4.776685796835236402e-06 nan nan nan nan nan nan
1.040000000000000568e+01 4.354605594058131401e-06 nan nan nan nan nan nan
1.060000000000000497e+01 3.974019097767894354e-06 nan nan nan nan nan nan
1.080000000000000604e+01 3.630673414973160535e-06 nan nan nan nan nan nan
1.100000000000000711e+01 3.320731873836961860e-06 nan nan nan nan nan nan
1.120000000000000639e+01 3.048727533618501719e-06 nan nan nan nan nan nan
1.140000000000000568e+01 2.801196991530992415e-06 nan nan nan nan nan nan
1.160000000000000675e+01 2.575893037933012110e-06 nan nan nan nan nan nan
1.180000000000000782e+01 2.370758503019340890e-06 nan nan nan nan nan nan
1.200000000000000711e+01 2.183922181188645945e-06 nan nan nan nan nan nan
1.220000000000000639e+01 2.017576101218249880e-06 nan nan nan nan nan nan
1.240000000000000568e+01 1.865574328319845807e-06 nan nan nan nan nan nan
1.260000000000000853e+01 1.726376354825970931e-06 nan nan nan nan nan nan
1.280000000000000782e+01 1.598712436971169274e-06 nan nan nan nan nan nan
1.300000000000000711e+01 1.481582875650786381e-06 nan nan nan nan nan nan
1.320000000000000639e+01 1.376777953318418594e-06 nan nan nan nan nan nan
1.340000000000000924e+01 1.280110325884059623e-06 nan nan nan nan nan nan
1.360000000000000853e+01 1.190940608065472289e-06 nan nan nan nan nan nan
1.380000000000000782e+01 1.108669596293604811e-06 nan nan nan nan nan nan
1.400000000000000711e+01 1.032738141492685238e-06 nan nan nan nan nan nan
1.420000000000000995e+01 9.642859754302942973e-07 nan nan nan nan nan nan
1.440000000000000924e+01 9.008066778459621856e-07 nan nan nan nan nan nan
1.460000000000000853e+01 8.419361882214434461e-07 nan nan nan nan nan nan
1.480000000000000782e+01 7.873321722682669686e-07 nan nan nan nan nan nan
1.500000000000001066e+01 7.366739993685976027e-07 nan nan nan nan nan nan
1.520000000000000995e+01 6.907072758397480773e-07 nan nan nan nan nan nan
1.540000000000000924e+01 6.478868596932071596e-07 nan nan nan nan nan nan
1.560000000000000853e+01 6.079955574803565348e-07 nan nan nan nan nan nan
1.580000000000001137e+01 5.708288054342887108e-07 nan nan nan nan nan nan
1.600000000000001066e+01 5.361946654586193922e-07 nan nan nan nan nan nan
1.620000000000000995e+01 5.045934387587148581e-07 nan nan nan nan nan nan
1.640000000000000924e+01 4.750334915476598959e-07 nan nan nan nan nan nan
1.660000000000001208e+01 4.473137074519381351e-07 nan nan nan nan nan nan
1.680000000000001137e+01 4.213451320457801929e-07 nan nan nan nan nan nan
1.700000000000001066e+01 3.971509721358114743e-07 nan nan nan nan nan nan
1.720000000000000995e+01 3.749624134278329358e-07 nan nan nan nan nan nan
1.740000000000001279e+01 3.541313959103732637e-07 nan nan nan nan nan nan
1.760000000000001208e+01 3.345689052966239592e-07 nan nan nan nan nan nan
1.780000000000001137e+01 3.161964491567938673e-07 nan nan nan nan nan nan
1.800000000000001066e+01 2.989460567901239272e-07 nan nan nan nan nan nan
1.820000000000001350e+01 2.830538205820985877e-07 nan nan nan nan nan nan
1.840000000000001279e+01 2.680894790339957499e-07 nan nan nan nan nan nan
1.860000000000001208e+01 2.539978014949163633e-07 nan nan nan nan nan nan
1.880000000000001137e+01 2.407260803300400683e-07 nan nan nan nan nan nan
1.900000000000001421e+01 2.282241308976429684e-07 nan nan nan nan nan nan
1.920000000000001350e+01 2.166609547895626904e-07 nan nan nan nan nan nan
1.940000000000001279e+01 2.057412640067647167e-07 nan nan nan nan nan nan
1.960000000000001208e+01 1.954281973444147877e-07 nan nan nan nan nan nan
1.980000000000001492e+01 1.856883425924906905e-07 nan nan nan nan nan nan
