2.000000000000000111e-01 2.610818017539040881e+01 1.245949350256750007e-02 2.120827670856715794e-02 6.377352487134070255e-03 1.967848473264481764e-03 4.087777654711525349e-04 4.267993526505482396e-05
4.000000000000000222e-01 6.118610814781504814e+00 1.044321274954744874e-02 2.240239257490483915e-02 7.727292321290433683e-03 2.861456631752985064e-03 7.596829372336300285e-04 1.179785009827994356e-04
5.999999999999999778e-01 2.290555698403328400e+00 9.458764035735556588e-03 2.330599363765398571e-02 8.559191705006975390e-03 3.246798883449945536e-03 8.900616699040952377e-04 1.491518349477351192e-04
8.000000000000000444e-01 7.581082576047367683e-01 1.052298730772327148e-02 3.292062219994219829e-02 1.337808659241255388e-02 5.333713500666762732e-03 1.464216624268535258e-03 2.379705648776014545e-04
1.000000000000000000e+00 2.941625788033643274e-01 9.362180425219806743e-03 4.185344259734639916e-02 1.889420653702840111e-02 8.248545221929479490e-03 2.428561322578008663e-03 4.016346765552457430e-04
1.199999999999999956e+00 1.372433855428748239e-01 5.925307705293650189e-03 4.512733426914031232e-02 2.216809172119737353e-02 1.056457204668790478e-02 3.406833872672574998e-03 6.120754560085155723e-04
1.399999999999999911e+00 6.636363946942008818e-02 2.193734723018840680e-03 4.784079945849419729e-02 2.503288206702443050e-02 1.278606168733053758e-02 4.442427624749702153e-03 8.592403686495753232e-04
1.600000000000000089e+00 3.379102342251010666e-02 -1.698563005194399754e-03 4.907264368129572729e-02 2.695295135823940619e-02 1.452879342198397372e-02 5.338121456880042838e-03 1.088966224098134603e-03
1.800000000000000044e+00 1.804322883371212508e-02 -5.528155520152198098e-03 4.888817328532797657e-02 2.791214275836068764e-02 1.572368118861318387e-02 6.037555554251422540e-03 1.279924010357527762e-03
2.000000000000000000e+00 1.003682600745973118e-02 -9.098483027310231425e-03 4.756224015550322010e-02 2.802367322503918068e-02 1.640039116985958847e-02 6.535418814429599585e-03 1.429224089622084699e-03
2.200000000000000178e+00 5.920959222580522534e-03 -1.195799331496181193e-02 4.432284091358513339e-02 2.678116128007602612e-02 1.622161530712107336e-02 6.675920305289550702e-03 1.502975002728942433e-03
2.399999999999999911e+00 3.573369683439020939e-03 -1.428702804510838774e-02 4.097725230101807725e-02 2.525002819974198065e-02 1.578236303448909278e-02 6.686786669945061351e-03 1.547567100957355016e-03
2.600000000000000089e+00 2.209612193472378864e-03 -1.603270389591367542e-02 3.748802446980620956e-02 2.343464424025796730e-02 1.507926404769853804e-02 6.559486959092680064e-03 1.559614322195662693e-03
2.799999999999999822e+00 1.399420231388942473e-03 -1.718480096297762827e-02 3.392387749011720882e-02 2.140758562526662301e-02 1.415269885568769953e-02 6.305208069446346757e-03 1.539049161366756778e-03
3.000000000000000000e+00 9.065683045051523871e-04 -1.777973598865868754e-02 3.038891425796354240e-02 1.926718750109845946e-02 1.306576899741063169e-02 5.948469125094692049e-03 1.489865057256098023e-03
3.200000000000000178e+00 6.100390318825442849e-04 -1.758356468562852215e-02 2.652811479570011538e-02 1.681928802385791386e-02 1.168571598834690188e-02 5.424942232483922176e-03 1.394850104486293528e-03
3.399999999999999911e+00 4.168367827334207407e-04 -1.706971797334658897e-02 2.307424077513011568e-02 1.456627860876018137e-02 1.035875527868453279e-02 4.895332957175932767e-03 1.292615809021915212e-03
3.600000000000000089e+00 2.893059299752250924e-04 -1.630292986861284557e-02 1.998549981266561915e-02 1.250986863403663087e-02 9.100439395475737325e-03 4.371430779825560831e-03 1.186081199937096464e-03
3.799999999999999822e+00 2.039165829233216499e-04 -1.535112028101287031e-02 1.723678890958210697e-02 1.065612478198172709e-02 7.928062733650112492e-03 3.865549400192827903e-03 1.078771648725850019e-03
4.000000000000000000e+00 1.458246773988453959e-04 -1.428721276640949889e-02 1.481514858673074926e-02 9.013071160369716742e-03 6.859523958161478294e-03 3.390237653269645348e-03 9.741961420243070097e-04
4.200000000000000178e+00 1.066946650342012433e-04 nan nan nan nan nan nan
4.400000000000000355e+00 7.860701842317016315e-05 nan nan nan nan nan nan
4.600000000000000533e+00 5.838136549010077209e-05 nan nan nan nan nan nan
4.800000000000000711e+00 4.373878954004835812e-05 nan nan nan nan nan nan
5.000000000000000888e+00 3.306927912391748585e-05 nan nan nan nan nan nan
5.200000000000001066e+00 2.556245104252379894e-05 nan nan nan nan nan nan
5.400000000000001243e+00 1.990693161254483768e-05 nan nan nan nan nan nan
5.600000000000001421e+00 1.562315968384088026e-05 nan nan nan nan nan nan
5.800000000000001599e+00 1.235579130826630436e-05 nan nan nan nan nan nan
6.000000000000001776e+00 9.841946485348136169e-06 nan nan nan nan nan nan
6.200000000000001954e+00 7.988667373702259319e-06 nan nan nan nan nan nan
6.400000000000002132e+00 6.518812292334818857e-06 nan nan nan nan nan nan
6.600000000000002309e+00 5.346981602880028878e-06 nan nan nan nan nan nan
6.800000000000002487e+00 4.407605537647638026e-06 nan nan nan nan nan nan
7.000000000000002665e+00 3.650603107153267839e-06 nan nan nan nan nan nan
7.200000000000002842e+00 3.064875450992652064e-06 nan nan nan nan nan nan
7.400000000000003020e+00 2.581124678805612291e-06 nan nan nan nan nan nan
7.600000000000003197e+00 2.180244639536974141e-06 nan nan nan nan nan nan
7.800000000000003375e+00 1.846821960228830059e-06 nan nan nan nan nan nan
8.000000000000003553e+00 1.568541812999771567e-06 nan nan nan nan nan nan
8.200000000000002842e+00 1.346381729903559521e-06 nan nan nan nan nan nan
8.400000000000003908e+00 1.157242231881943938e-06 nan nan nan nan nan nan
8.600000000000004974e+00 9.961964511079376504e-07 nan nan nan nan nan nan
8.800000000000004263e+00 8.590042602534680951e-07 nan nan nan nan nan nan
9.000000000000003553e+00 7.420308264409923117e-07 nan nan nan nan nan nan
9.200000000000004619e+00 6.462623505394946262e-07 nan nan nan nan nan nan
9.400000000000005684e+00 5.633294243016374099e-07 nan nan nan nan nan nan
9.600000000000004974e+00 4.915202364558314216e-07 nan nan nan nan nan nan
9.800000000000004263e+00 4.293265634421494183e-07 nan nan nan nan nan nan
1.000000000000000533e+01 3.754325918240697215e-07 nan nan nan nan nan nan
1.020000000000000639e+01 3.304590179867559984e-07 nan nan nan nan nan nan
1.040000000000000568e+01 2.910676584755810474e-07 nan nan nan nan nan nan
1.060000000000000497e+01 2.565601427277927325e-07 nan nan nan nan nan nan
1.080000000000000604e+01 2.263215117321151994e-07 nan nan nan nan nan nan
1.100000000000000711e+01 1.998186819930501827e-07 nan nan nan nan nan nan
1.120000000000000639e+01 1.774251953392858844e-07 nan nan nan nan nan nan
1.140000000000000568e+01 1.576005043784817272e-07 nan nan nan nan nan nan
1.160000000000000675e+01 1.400563703792177216e-07 nan nan nan nan nan nan
1.180000000000000782e+01 1.245359259101623560e-07 nan nan nan nan nan nan
1.200000000000000711e+01 1.108134634712859685e-07 nan nan nan nan nan nan
1.220000000000000639e+01 9.906795582201874710e-08 nan nan nan nan nan nan
1.240000000000000568e+01 8.860591657762852579e-08 nan nan nan nan nan nan
1.260000000000000853e+01 7.928401118846648244e-08 nan nan nan nan nan nan
1.280000000000000782e+01 7.097524842077868935e-08 nan nan nan nan nan nan
1.300000000000000711e+01 6.356895123082775352e-08 nan nan nan nan nan nan
1.320000000000000639e+01 5.717629684703052889e-08 nan nan nan nan nan nan
1.340000000000000924e+01 5.144356489196203044e-08 nan nan nan nan nan nan
1.360000000000000853e+01 4.630048506372335744e-08 nan nan nan nan nan nan
1.380000000000000782e+01 4.168424905042027265e-08 nan nan nan nan nan nan
1.400000000000000711e+01 3.753950651105929279e-08 nan nan nan nan nan nan
1.420000000000000995e+01 3.393964385351697142e-08 nan nan nan nan nan nan
1.440000000000000924e+01 3.069096941961365687e-08 nan nan nan nan nan nan
1.460000000000000853e+01 2.775991942716280728e-08 nan nan nan nan nan nan
1.480000000000000782e+01 2.511556759084815891e-08 nan nan nan nan nan nan
1.500000000000001066e+01 2.272962456682344180e-08 nan nan nan nan nan nan
1.520000000000000995e+01 2.064210464789076381e-08 nan nan nan nan nan nan
1.540000000000000924e+01 1.874872420613922806e-08 nan nan nan nan nan nan
1.560000000000000853e+01 1.703137696620571790e-08 nan nan nan nan nan nan
1.580000000000001137e+01 1.547372808268076147e-08 nan nan nan nan nan nan
1.600000000000001066e+01 1.406121406324412499e-08 nan nan nan nan nan nan
1.620000000000000995e+01 1.281782764625902921e-08 nan nan nan nan nan nan
1.640000000000000924e+01 1.168880878694583749e-08 nan nan nan nan nan nan
1.660000000000001208e+01 1.065956929251845164e-08 nan nan nan nan nan nan
1.680000000000001137e+01 9.720118787878457422e-09 nan nan nan nan nan nan
1.700000000000001066e+01 8.865064704961033343e-09 nan nan nan nan nan nan
1.720000000000000995e+01 8.109042900866966805e-09 nan nan nan nan nan nan
1.740000000000001279e+01 7.417402354711178612e-09 nan nan nan nan nan nan
1.760000000000001208e+01 6.785463814053668562e-09 nan nan nan nan nan nan
1.780000000000001137e+01 6.208094868218651036e-09 nan nan nan nan nan nan
1.800000000000001066e+01 5.679709946815567650e-09 nan nan nan nan nan nan
1.820000000000001350e+01 5.210451208481561658e-09 nan nan nan nan nan nan
1.840000000000001279e+01 4.779884427504359206e-09 nan nan nan nan nan nan
1.860000000000001208e+01 4.384903231942541998e-09 nan nan nan nan nan nan
1.880000000000001137e+01 4.022777693591964278e-09 nan nan nan nan nan nan
1.900000000000001421e+01 3.691154327780048729e-09 nan nan nan nan nan nan
1.920000000000001350e+01 3.395434874775056124e-09 nan nan nan nan nan nan
1.940000000000001279e+01 3.123126820425567518e-09 nan nan nan nan nan nan
1.960000000000001208e+01 2.872513188798130127e-09 nan nan nan nan nan nan
1.980000000000001492e+01 2.642101143898009969e-09 nan nan nan nan nan nan
