2.000000000000000111e-01 7.032672337456437717e+00 1.423652898073078654e-02 3.802428613180668104e-02 8.586504865266108774e-03 2.676372919885648769e-03 5.316925799849446781e-04 6.161288526179500044e-05
4.000000000000000222e-01 1.715135050276886286e+00 1.102787654646638499e-02 3.901980169543760313e-02 1.019128924138886297e-02 3.923167759176452579e-03 1.085167707694567607e-03 2.316928295555076506e-04
5.999999999999999778e-01 6.577345211660892144e-01 9.081726222717250926e-03 3.942013302945271414e-02 1.109678291848171898e-02 4.431374230652092121e-03 1.270606229390260555e-03 2.885192509416018014e-04
8.000000000000000444e-01 2.131178417534743685e-01 9.611091953602537638e-03 5.643881980884399296e-02 1.759169971079957775e-02 7.477237900349364801e-03 2.189824301026908199e-03 4.911866414127054022e-04
1.000000000000000000e+00 8.149967766743619613e-02 7.960239253044976496e-03 7.268201491994853713e-02 2.497107287535088246e-02 1.162920510068696060e-02 3.675290011265579943e-03 8.551844772473473711e-04
1.199999999999999956e+00 3.822251047676199914e-02 4.073704121969676586e-03 7.808461242698228055e-02 2.897300284464200681e-02 1.464122945765426904e-02 5.043478216333896653e-03 1.280467931563239502e-03
1.399999999999999911e+00 1.853916814014041486e-02 -1.441847122826749809e-04 8.305518243715935556e-02 3.262653641603958932e-02 1.750857440844879806e-02 6.461123712593068794e-03 1.767781220091195656e-03
1.600000000000000089e+00 9.487930835501678581e-03 -4.584031665406631401e-03 8.550621883596430661e-02 3.505875602911787819e-02 1.965342446610277363e-02 7.632553258742179846e-03 2.196818261472146573e-03
1.800000000000000044e+00 5.102595968732294603e-03 -8.999676601798456410e-03 8.548804154739125805e-02 3.622441279441038220e-02 2.098609621199237080e-02 8.475955538193269759e-03 2.522877559228915104e-03
2.000000000000000000e+00 2.862422145822033151e-03 -1.320843411893595290e-02 8.353485696591539389e-02 3.631551683923091994e-02 2.158777779593467477e-02 9.002888642153853219e-03 2.744012694204936691e-03
2.200000000000000178e+00 1.708789157259066934e-03 -1.662165572499673880e-02 7.802269659257346501e-02 3.460494701892390806e-02 2.101242892795855688e-02 9.005542973531769149e-03 2.797132817655453678e-03
2.399999999999999911e+00 1.041992205289791291e-03 -1.964114545446549523e-02 7.261632499266447438e-02 3.269191505944685910e-02 2.019495690135041793e-02 8.869136642853983274e-03 2.797035164632374372e-03
2.600000000000000089e+00 6.502957531489382418e-04 -2.219797291034959763e-02 6.712872179876493151e-02 3.053796713066677868e-02 1.913244410722363814e-02 8.591399067339730578e-03 2.744045004014210049e-03
2.799999999999999822e+00 4.152643891791160582e-04 -2.425270099311047090e-02 6.159466531548035695e-02 2.819846192891755157e-02 1.787468876706252083e-02 8.193906796128707162e-03 2.645394527308261856e-03
3.000000000000000000e+00 2.709862715800119754e-04 -2.580174383160180676e-02 5.612832080424424303e-02 2.576361464874835777e-02 1.649268882965262625e-02 7.708591112680462064e-03 2.511590827153732837e-03
3.200000000000000178e+00 1.837624585658937195e-04 -2.638529870416830153e-02 4.991118756384235744e-02 2.289843217958716440e-02 1.478613867423985047e-02 7.039893976175613625e-03 2.311872443550357873e-03
3.399999999999999911e+00 1.263665838960924357e-04 -2.663840151498266667e-02 4.437735520008065371e-02 2.028984370792485253e-02 1.319984736429085682e-02 6.398279960793979738e-03 2.114049130166852780e-03
3.600000000000000089e+00 8.817525408367932345e-05 -2.657276100266708213e-02 3.940518268940187280e-02 1.791055353110333759e-02 1.172992145558245797e-02 5.786348979203783348e-03 1.920637654979307765e-03
3.799999999999999822e+00 6.243408876846659559e-05 -2.621711940017611847e-02 3.492416366628729035e-02 1.574866969552569246e-02 1.037826572868977802e-02 5.208301019275615208e-03 1.734682028139883196e-03
4.000000000000000000e+00 4.482279971057579490e-05 -2.562307759131725315e-02 3.090377398552005689e-02 1.380383473558576164e-02 9.151559078845851805e-03 4.670297613531452542e-03 1.558883074909899087e-03
4.200000000000000178e+00 3.295517634321248527e-05 nan nan nan nan nan nan
4.400000000000000355e+00 2.439607021586176215e-05 nan nan nan nan nan nan
4.600000000000000533e+00 1.820402101783384974e-05 nan nan nan nan nan nan
4.800000000000000711e+00 1.370034346522740246e-05 nan nan nan nan nan nan
5.000000000000000888e+00 1.040340019377298909e-05 nan nan nan nan nan nan
5.200000000000001066e+00 8.077583072957592736e-06 nan nan nan nan nan nan
5.400000000000001243e+00 6.315674843296557093e-06 nan nan nan nan nan nan
5.600000000000001421e+00 4.974321525532903165e-06 nan nan nan nan nan nan
5.800000000000001599e+00 3.946412839019560228e-06 nan nan nan nan nan nan
6.000000000000001776e+00 3.152120186366790278e-06 nan nan nan nan nan nan
6.200000000000001954e+00 2.564932829617410121e-06 nan nan nan nan nan nan
6.400000000000002132e+00 2.097352941603318591e-06 nan nan nan nan nan nan
6.600000000000002309e+00 1.723289723394180304e-06 nan nan nan nan nan nan
6.800000000000002487e+00 1.422544003076588501e-06 nan nan nan nan nan nan
7.000000000000002665e+00 1.179580634918260109e-06 nan nan nan nan nan nan
7.200000000000002842e+00 9.912731813607049107e-07 nan nan nan nan nan nan
7.400000000000003020e+00 8.354489737093096915e-07 nan nan nan nan nan nan
7.600000000000003197e+00 7.061162098405560422e-07 nan nan nan nan nan nan
7.800000000000003375e+00 5.984107057638313751e-07 nan nan nan nan nan nan
8.000000000000003553e+00 5.084269199427844115e-07 nan nan nan nan nan nan
8.200000000000002842e+00 4.365417400387228810e-07 nan nan nan nan nan nan
8.400000000000003908e+00 3.752984854673557647e-07 nan nan nan nan nan nan
8.600000000000004974e+00 3.231240580937272139e-07 nan nan nan nan nan nan
8.800000000000004263e+00 2.786593182357330770e-07 nan nan nan nan nan nan
9.000000000000003553e+00 2.407357041150812355e-07 nan nan nan nan nan nan
9.200000000000004619e+00 2.096803675922743319e-07 nan nan nan nan nan nan
9.400000000000005684e+00 1.827820199843820574e-07 nan nan nan nan nan nan
9.600000000000004974e+00 1.594881551298708352e-07 nan nan nan nan nan nan
9.800000000000004263e+00 1.393112676790562404e-07 nan nan nan nan nan nan
1.000000000000000533e+01 1.218255997999023364e-07 nan nan nan nan nan nan
1.020000000000000639e+01 1.072333529107616261e-07 nan nan nan nan nan nan
1.040000000000000568e+01 9.445176805023994260e-08 nan nan nan nan nan nan
1.060000000000000497e+01 8.325453238377487533e-08 nan nan nan nan nan nan
1.080000000000000604e+01 7.344228303067168275e-08 nan nan nan nan nan nan
1.100000000000000711e+01 6.484215161933753180e-08 nan nan nan nan nan nan
1.120000000000000639e+01 5.757542663553321549e-08 nan nan nan nan nan nan
1.140000000000000568e+01 5.114223738875133152e-08 nan nan nan nan nan nan
1.160000000000000675e+01 4.544907452448077200e-08 nan nan nan nan nan nan
1.180000000000000782e+01 4.041259779889598534e-08 nan nan nan nan nan nan
1.200000000000000711e+01 3.595957189397546485e-08 nan nan nan nan nan nan
1.220000000000000639e+01 3.214807805051007958e-08 nan nan nan nan nan nan
1.240000000000000568e+01 2.875307866662305356e-08 nan nan nan nan nan nan
1.260000000000000853e+01 2.572806150443370983e-08 nan nan nan nan nan nan
1.280000000000000782e+01 2.303181718904443483e-08 nan nan nan nan nan nan
1.300000000000000711e+01 2.062843009694213921e-08 nan nan nan nan nan nan
1.320000000000000639e+01 1.855397715819429970e-08 nan nan nan nan nan nan
1.340000000000000924e+01 1.669367410151505157e-08 nan nan nan nan nan nan
1.360000000000000853e+01 1.502471744617990189e-08 nan nan nan nan nan nan
1.380000000000000782e+01 1.352672523153130708e-08 nan nan nan nan nan nan
1.400000000000000711e+01 1.218173571308195861e-08 nan nan nan nan nan nan
1.420000000000000995e+01 1.101356282539180261e-08 nan nan nan nan nan nan
1.440000000000000924e+01 9.959352612221107111e-09 nan nan nan nan nan nan
1.460000000000000853e+01 9.008213328361426349e-09 nan nan nan nan nan nan
1.480000000000000782e+01 8.150109144726511249e-09 nan nan nan nan nan nan
1.500000000000001066e+01 7.375859960098505664e-09 nan nan nan nan nan nan
1.520000000000000995e+01 6.698450511254491530e-09 nan nan nan nan nan nan
1.540000000000000924e+01 6.084040274570090348e-09 nan nan nan nan nan nan
1.560000000000000853e+01 5.526753650299506065e-09 nan nan nan nan nan nan
1.580000000000001137e+01 5.021289885000263810e-09 nan nan nan nan nan nan
1.600000000000001066e+01 4.562923044085906296e-09 nan nan nan nan nan nan
1.620000000000000995e+01 4.159438856294987880e-09 nan nan nan nan nan nan
1.640000000000000924e+01 3.793067447465800286e-09 nan nan nan nan nan nan
1.660000000000001208e+01 3.459074880122360644e-09 nan nan nan nan nan nan
1.680000000000001137e+01 3.154219230012525969e-09 nan nan nan nan nan nan
1.700000000000001066e+01 2.876750582062558020e-09 nan nan nan nan nan nan
1.720000000000000995e+01 2.631418329956275856e-09 nan nan nan nan nan nan
1.740000000000001279e+01 2.406978070527766233e-09 nan nan nan nan nan nan
1.760000000000001208e+01 2.201911365229515819e-09 nan nan nan nan nan nan
1.780000000000001137e+01 2.014552724219684005e-09 nan nan nan nan nan nan
1.800000000000001066e+01 1.843089605758759013e-09 nan nan nan nan nan nan
1.820000000000001350e+01 1.690813182078042697e-09 nan nan nan nan nan nan
1.840000000000001279e+01 1.551092461187300377e-09 nan nan nan nan nan nan
1.860000000000001208e+01 1.422919412115569571e-09 nan nan nan nan nan nan
1.880000000000001137e+01 1.305408161543038034e-09 nan nan nan nan nan nan
1.900000000000001421e+01 1.197794993709897556e-09 nan nan nan nan nan nan
1.920000000000001350e+01 1.101832795775157208e-09 nan nan nan nan nan nan
1.940000000000001279e+01 1.013467694655576454e-09 nan nan nan nan nan nan
1.960000000000001208e+01 9.321425244343766137e-10 nan nan nan nan nan nan
1.980000000000001492e+01 8.573728535571455568e-10 nan nan nan nan nan nan
