2.000000000000000111e-01 1.371371009795333551e+00 1.905879932747196748e-02 3.695585114239455932e-02 8.303606167076040337e-03 2.010463385483616475e-03 2.259374421731198440e-04 4.581853431940391511e-05
4.000000000000000222e-01 3.624987419771814046e-01 1.317816268500625852e-02 3.534785020767712560e-02 9.518431014212657901e-03 2.983254992109585311e-03 6.452265232855643401e-04 1.107507584235725831e-04
5.999999999999999778e-01 1.450016562353776406e-01 9.971697379237228279e-03 3.424777175056466227e-02 1.017212962325806692e-02 3.346843159769054710e-03 7.720792798306107827e-04 1.310670082159647845e-04
8.000000000000000444e-01 4.471821831533361741e-02 1.049413848522227910e-02 5.040522759227809152e-02 1.679517688502586356e-02 5.995508348369738526e-03 1.466493581896933986e-03 2.308830128217573600e-04
1.000000000000000000e+00 1.632854186966585866e-02 8.518606461950699663e-03 6.625552376444372726e-02 2.445626521863175640e-02 9.616031730179287404e-03 2.591748228032030379e-03 3.949995316639456065e-04
1.199999999999999956e+00 7.608497456565966113e-03 3.826276723267143642e-03 7.020948953094795220e-02 2.801501895068677500e-02 1.193503016484285216e-02 3.527523703715866685e-03 5.713617373000309720e-04
1.399999999999999911e+00 3.645490689151295420e-03 -1.183722312244851185e-03 7.418843803943804549e-02 3.129954753689133395e-02 1.416279892413167471e-02 4.464631479926102486e-03 7.996634736177331846e-04
1.600000000000000089e+00 1.851515305273698873e-03 -6.464890382399154055e-03 7.579059242228969318e-02 3.331138387343254847e-02 1.577310324140912198e-02 5.189316929464028554e-03 1.037140452739453763e-03
1.800000000000000044e+00 9.938994429362485710e-04 -1.170768153727854387e-02 7.501921889236283503e-02 3.399354566215504608e-02 1.669647006247923851e-02 5.655760483378187431e-03 1.257146715531586240e-03
2.000000000000000000e+00 5.591680132154766428e-04 -1.668699963802069974e-02 7.245722433923321160e-02 3.358209132892469445e-02 1.703022644715741427e-02 5.894507721875219541e-03 1.445689226177654082e-03
2.200000000000000178e+00 3.390625183895285694e-04 -2.057007886442041578e-02 6.632555174275053811e-02 3.124702745711148422e-02 1.633965493945963021e-02 5.758618692493217353e-03 1.546464672459684723e-03
2.399999999999999911e+00 2.096709882390529987e-04 -2.406642771896028848e-02 6.073964761033593535e-02 2.892939152328857094e-02 1.558083798073350325e-02 5.577705654614629506e-03 1.625680078359283262e-03
2.600000000000000089e+00 1.326687616228961635e-04 -2.710860997084914639e-02 5.539284963737111517e-02 2.654974363689215078e-02 1.473024784514644428e-02 5.349105719897701179e-03 1.677849096604120023e-03
2.799999999999999822e+00 8.590495341875535877e-05 -2.964992800501215983e-02 5.024361661142286856e-02 2.414125499033416625e-02 1.380797870150008745e-02 5.085991496563972009e-03 1.699852832167711870e-03
3.000000000000000000e+00 5.684459648845925227e-05 -3.167518009636855619e-02 4.534347154366032834e-02 2.177301182081859202e-02 1.284985931917266566e-02 4.804756615122396900e-03 1.696054623164063978e-03
3.200000000000000178e+00 3.926149085937390159e-05 -3.251112352483549739e-02 3.983864903511384614e-02 1.907410308906352589e-02 1.163923064736851858e-02 4.421328061548674554e-03 1.638981159563162020e-03
3.399999999999999911e+00 2.744072687098338405e-05 -3.303094680115868653e-02 3.508969961110509211e-02 1.672563601007910628e-02 1.055933818375959406e-02 4.078753024481333693e-03 1.578621772248358463e-03
3.600000000000000089e+00 1.943170614890415906e-05 -3.321027063745810720e-02 3.090466175842743884e-02 1.465403144231800306e-02 9.578166309903405826e-03 3.763989434239295700e-03 1.515033682229182267e-03
3.799999999999999822e+00 1.394712849883788805e-05 -3.305292468771976744e-02 2.717039293021450766e-02 1.281631038718689802e-02 8.677217567613569951e-03 3.469991849603411890e-03 1.449370679952263936e-03
4.000000000000000000e+00 1.013937440029292957e-05 -3.259986395511230151e-02 2.383481184021122093e-02 1.119275704668376212e-02 7.851173642523062018e-03 3.195292212747104840e-03 1.384313464762831382e-03
4.200000000000000178e+00 7.571887292658223737e-06 nan nan nan nan nan nan
4.400000000000000355e+00 5.690607740683122656e-06 nan nan nan nan nan nan
4.600000000000000533e+00 4.308658317315355686e-06 nan nan nan nan nan nan
4.800000000000000711e+00 3.288285291415560753e-06 nan nan nan nan nan nan
5.000000000000000888e+00 2.530151353500308447e-06 nan nan nan nan nan nan
5.200000000000001066e+00 1.990994825711005222e-06 nan nan nan nan nan nan
5.400000000000001243e+00 1.575398186667733829e-06 nan nan nan nan nan nan
5.600000000000001421e+00 1.253973208954522264e-06 nan nan nan nan nan nan
5.800000000000001599e+00 1.004092219286769240e-06 nan nan nan nan nan nan
6.000000000000001776e+00 8.084497588689613981e-07 nan nan nan nan nan nan
6.200000000000001954e+00 6.626435607636812587e-07 nan nan nan nan nan nan
6.400000000000002132e+00 5.451330714874561134e-07 nan nan nan nan nan nan
6.600000000000002309e+00 4.501575967537737895e-07 nan nan nan nan nan nan
6.800000000000002487e+00 3.731312249649144694e-07 nan nan nan nan nan nan
7.000000000000002665e+00 3.104462168044663276e-07 nan nan nan nan nan nan
7.200000000000002842e+00 2.616253031151924069e-07 nan nan nan nan nan nan
7.400000000000003020e+00 2.209950202069976149e-07 nan nan nan nan nan nan
7.600000000000003197e+00 1.871161622202411641e-07 nan nan nan nan nan nan
7.800000000000003375e+00 1.587971666635692992e-07 nan nan nan nan nan nan
8.000000000000003553e+00 1.350667117084635037e-07 nan nan nan nan nan nan
8.200000000000002842e+00 1.160715848477002323e-07 nan nan nan nan nan nan
8.400000000000003908e+00 9.985459919934020873e-08 nan nan nan nan nan nan
8.600000000000004974e+00 8.601665013605647653e-08 nan nan nan nan nan nan
8.800000000000004263e+00 7.420877166838067830e-08 nan nan nan nan nan nan
9.000000000000003553e+00 6.412823302235991128e-08 nan nan nan nan nan nan
9.200000000000004619e+00 5.586801825787831408e-08 nan nan nan nan nan nan
9.400000000000005684e+00 4.870911083633450251e-08 nan nan nan nan nan nan
9.600000000000004974e+00 4.250668290116198153e-08 nan nan nan nan nan nan
9.800000000000004263e+00 3.713237245359263236e-08 nan nan nan nan nan nan
1.000000000000000533e+01 3.247371360153659536e-08 nan nan nan nan nan nan
1.020000000000000639e+01 2.858527687382496615e-08 nan nan nan nan nan nan
1.040000000000000568e+01 2.517884003191408912e-08 nan nan nan nan nan nan
1.060000000000000497e+01 2.219434209373210999e-08 nan nan nan nan nan nan
1.080000000000000604e+01 1.957880629237861157e-08 nan nan nan nan nan nan
1.100000000000000711e+01 1.728625463933151020e-08 nan nan nan nan nan nan
1.120000000000000639e+01 1.534908637028801162e-08 nan nan nan nan nan nan
1.140000000000000568e+01 1.363408235556572493e-08 nan nan nan nan nan nan
1.160000000000000675e+01 1.211633762551028402e-08 nan nan nan nan nan nan
1.180000000000000782e+01 1.077364815549936032e-08 nan nan nan nan nan nan
1.200000000000000711e+01 9.586497673221675851e-09 nan nan nan nan nan nan
1.220000000000000639e+01 8.570373472841165638e-09 nan nan nan nan nan nan
1.240000000000000568e+01 7.665285162605632221e-09 nan nan nan nan nan nan
1.260000000000000853e+01 6.858833595793780270e-09 nan nan nan nan nan nan
1.280000000000000782e+01 6.140032694429707413e-09 nan nan nan nan nan nan
1.300000000000000711e+01 5.499307348016753097e-09 nan nan nan nan nan nan
1.320000000000000639e+01 4.946274581698058130e-09 nan nan nan nan nan nan
1.340000000000000924e+01 4.450333908015358503e-09 nan nan nan nan nan nan
1.360000000000000853e+01 4.005405709708759884e-09 nan nan nan nan nan nan
1.380000000000000782e+01 3.606055987801803069e-09 nan nan nan nan nan nan
1.400000000000000711e+01 3.247496016152635999e-09 nan nan nan nan nan nan
1.420000000000000995e+01 2.936073960863171278e-09 nan nan nan nan nan nan
1.440000000000000924e+01 2.655033581688362387e-09 nan nan nan nan nan nan
1.460000000000000853e+01 2.401471100824987674e-09 nan nan nan nan nan nan
1.480000000000000782e+01 2.172710957982699811e-09 nan nan nan nan nan nan
1.500000000000001066e+01 1.966305751793753045e-09 nan nan nan nan nan nan
1.520000000000000995e+01 1.785716948421459982e-09 nan nan nan nan nan nan
1.540000000000000924e+01 1.621923064192249265e-09 nan nan nan nan nan nan
1.560000000000000853e+01 1.473357695536199708e-09 nan nan nan nan nan nan
1.580000000000001137e+01 1.338607697229730028e-09 nan nan nan nan nan nan
1.600000000000001066e+01 1.216413172160883617e-09 nan nan nan nan nan nan
1.620000000000000995e+01 1.108849667656029806e-09 nan nan nan nan nan nan
1.640000000000000924e+01 1.011179964051416949e-09 nan nan nan nan nan nan
1.660000000000001208e+01 9.221420471312844007e-10 nan nan nan nan nan nan
1.680000000000001137e+01 8.408716558751390379e-10 nan nan nan nan nan nan
1.700000000000001066e+01 7.669022806212482415e-10 nan nan nan nan nan nan
1.720000000000000995e+01 7.015000397065230183e-10 nan nan nan nan nan nan
1.740000000000001279e+01 6.416673263987051266e-10 nan nan nan nan nan nan
1.760000000000001208e+01 5.869993432993023066e-10 nan nan nan nan nan nan
1.780000000000001137e+01 5.370520918325046262e-10 nan nan nan nan nan nan
1.800000000000001066e+01 4.913423719077805083e-10 nan nan nan nan nan nan
1.820000000000001350e+01 4.507475637635096673e-10 nan nan nan nan nan nan
1.840000000000001279e+01 4.134999353724613238e-10 nan nan nan nan nan nan
1.860000000000001208e+01 3.793307589904492714e-10 nan nan nan nan nan nan
1.880000000000001137e+01 3.480038725698730544e-10 nan nan nan nan nan nan
1.900000000000001421e+01 3.193156796964662580e-10 nan nan nan nan nan nan
1.920000000000001350e+01 2.937334757660528952e-10 nan nan nan nan nan nan
1.940000000000001279e+01 2.701765538035161756e-10 nan nan nan nan nan nan
1.960000000000001208e+01 2.484963809217676548e-10 nan nan nan nan nan nan
1.980000000000001492e+01 2.285638142456019195e-10 nan nan nan nan nan nan
