2.000000000000000111e-01 nan nan nan nan nan nan nan
4.000000000000000222e-01 nan nan nan nan nan nan nan
5.999999999999999778e-01 1.788582217537330932e+00 1.825709243377561866e-02 7.148444388204860944e-02 2.246466897552928596e-02 1.033423305446234605e-02 3.909083939409181349e-03 1.434416688167895922e-03
8.000000000000000444e-01 7.606657790730056989e-01 1.639872091595577855e-02 7.984823165381857435e-02 2.720876974888916666e-02 1.315241795913998923e-02 5.028666704939463786e-03 1.826376908229492696e-03
1.000000000000000000e+00 3.381798178496764895e-01 1.426490293584304660e-02 9.294610450951207303e-02 3.425151419413849374e-02 1.774711047271654296e-02 7.126268840854634024e-03 2.605677260477869128e-03
1.199999999999999956e+00 1.709212596473968782e-01 1.016069278440195726e-02 9.906283830607312546e-02 3.891980918381276328e-02 2.163267783092392982e-02 9.270529462030295542e-03 3.545470626490264399e-03
1.399999999999999911e+00 9.009619578068849000e-02 5.600617782459285307e-03 1.040332705836372607e-01 4.296834934451661259e-02 2.532821990841961982e-02 1.153985561305846501e-02 4.673978033354442112e-03
1.600000000000000089e+00 4.970028160069377837e-02 8.270195670616568720e-04 1.065564510282604876e-01 4.572969601905543802e-02 2.824622201750024569e-02 1.353224968585510155e-02 5.776533071452475375e-03
1.800000000000000044e+00 2.857892702487863437e-02 -3.860228420816313490e-03 1.065999793158634024e-01 4.712094568220805829e-02 3.021510340471098705e-02 1.506540422836724971e-02 6.714321217615806109e-03
2.000000000000000000e+00 1.703529147872589675e-02 -8.263680117786397633e-03 1.046056868444806831e-01 4.731959087869309216e-02 3.129472746139178030e-02 1.611502748295223428e-02 7.436976435675582940e-03
2.200000000000000178e+00 1.064933905178164567e-02 -1.206203558811884229e-02 9.935429676012422218e-02 4.574229538443674858e-02 3.108444938924927875e-02 1.643385865950496363e-02 7.815163234864771699e-03
2.399999999999999911e+00 6.801653755696218662e-03 -1.537370096449458025e-02 9.373628101697689674e-02 4.375405429983991040e-02 3.044486852886120129e-02 1.646478213535322241e-02 8.036745165805641439e-03
2.600000000000000089e+00 4.440917575226160929e-03 -1.816009850132019668e-02 8.768793559005573501e-02 4.135906346752731000e-02 2.938915001414697456e-02 1.621203683042979002e-02 8.101775794913130407e-03
2.799999999999999822e+00 2.962918751981303330e-03 -2.038662273975314423e-02 8.128810963838196957e-02 3.862460961968119943e-02 2.796841231175749287e-02 1.570132187921071884e-02 8.018703795878646262e-03
3.000000000000000000e+00 2.016835327823158618e-03 -2.205571437494802806e-02 7.473211164618344393e-02 3.567537137670051539e-02 2.627468494853145431e-02 1.498395747642280139e-02 7.808518864388646133e-03
3.200000000000000178e+00 1.415115547018607704e-03 -2.292264418228852352e-02 6.738676059843144717e-02 3.222993161501145482e-02 2.411302125198311330e-02 1.394458075728026783e-02 7.410046354249519469e-03
3.399999999999999911e+00 1.008116528624274219e-03 -2.333761034609206295e-02 6.048694071548702672e-02 2.892456257968246958e-02 2.194431142899119086e-02 1.285534899077249091e-02 6.956415992502771456e-03
3.600000000000000089e+00 7.289535440168685120e-04 -2.334794988653710393e-02 5.403421791419611014e-02 2.578639890699742018e-02 1.980590311185529903e-02 1.174431222354547881e-02 6.463602664435868887e-03
3.799999999999999822e+00 5.346715712621810234e-04 -2.301216520061970250e-02 4.804788165947266459e-02 2.284626008286819512e-02 1.773719179662495982e-02 1.063989515824027496e-02 5.948826726079236606e-03
4.000000000000000000e+00 3.976742714014894859e-04 -2.238376343991546613e-02 4.252601132098943193e-02 2.011994312757932335e-02 1.576541163310789945e-02 9.563335857747020177e-03 5.426049002653867206e-03
4.200000000000000178e+00 3.012911541331620975e-04 nan nan nan nan nan nan
4.400000000000000355e+00 2.299927823980551871e-04 nan nan nan nan nan nan
4.600000000000000533e+00 1.770547195327911263e-04 nan nan nan nan nan nan
4.800000000000000711e+00 1.375379103213129266e-04 nan nan nan nan nan nan
5.000000000000000888e+00 1.078469693197905819e-04 nan nan nan nan nan nan
5.200000000000001066e+00 8.612223589860554024e-05 nan nan nan nan nan nan
5.400000000000001243e+00 6.932456807295426615e-05 nan nan nan nan nan nan
5.600000000000001421e+00 5.628628861065547824e-05 nan nan nan nan nan nan
5.800000000000001599e+00 4.610337483985711991e-05 nan nan nan nan nan nan
6.000000000000001776e+00 3.806121038271507420e-05 nan nan nan nan nan nan
6.200000000000001954e+00 3.190193462087277182e-05 nan nan nan nan nan nan
6.400000000000002132e+00 2.690905015073286329e-05 nan nan nan nan nan nan
6.600000000000002309e+00 2.283529176337567395e-05 nan nan nan nan nan nan
6.800000000000002487e+00 1.948973903096343926e-05 nan nan nan nan nan nan
7.000000000000002665e+00 1.672530837440920572e-05 nan nan nan nan nan nan
7.200000000000002842e+00 1.451121054068454385e-05 nan nan nan nan nan nan
7.400000000000003020e+00 1.263743033079432550e-05 nan nan nan nan nan nan
7.600000000000003197e+00 1.104507654288222480e-05 nan nan nan nan nan nan
7.800000000000003375e+00 9.686184005325499522e-06 nan nan nan nan nan nan
8.000000000000003553e+00 8.521601791643703647e-06 nan nan nan nan nan nan
8.200000000000002842e+00 7.556493673551852777e-06 nan nan nan nan nan nan
8.400000000000003908e+00 6.714881317624676382e-06 nan nan nan nan nan nan
8.600000000000004974e+00 5.978543352558890280e-06 nan nan nan nan nan nan
8.800000000000004263e+00 5.333271914407845318e-06 nan nan nan nan nan nan
9.000000000000003553e+00 4.768515296139359541e-06 nan nan nan nan nan nan
9.200000000000004619e+00 4.288881183039119963e-06 nan nan nan nan nan nan
9.400000000000005684e+00 3.862599052558054562e-06 nan nan nan nan nan nan
9.600000000000004974e+00 3.483474896839635143e-06 nan nan nan nan nan nan
9.800000000000004263e+00 3.145983625260182930e-06 nan nan nan nan nan nan
1.000000000000000533e+01 2.845208455441191251e-06 nan nan nan nan nan nan
1.020000000000000639e+01 2.585319520871560610e-06 nan nan nan nan nan nan
1.040000000000000568e+01 2.351458829603280054e-06 nan nan nan nan nan nan
1.060000000000000497e+01 2.140877226499370272e-06 nan nan nan nan nan nan
1.080000000000000604e+01 1.951166616400646241e-06 nan nan nan nan nan nan
1.100000000000000711e+01 1.780249660314253730e-06 nan nan nan nan nan nan
1.120000000000000639e+01 1.630061426839844719e-06 nan nan nan nan nan nan
1.140000000000000568e+01 1.494082647102585499e-06 nan nan nan nan nan nan
1.160000000000000675e+01 1.370712364118576165e-06 nan nan nan nan nan nan
1.180000000000000782e+01 1.258615950298314789e-06 nan nan nan nan nan nan
1.200000000000000711e+01 1.156723351547901122e-06 nan nan nan nan nan nan
1.220000000000000639e+01 1.066620568511401807e-06 nan nan nan nan nan nan
1.240000000000000568e+01 9.841649351293038156e-07 nan nan nan nan nan nan
1.260000000000000853e+01 9.087087479717908913e-07 nan nan nan nan nan nan
1.280000000000000782e+01 8.396466704636867681e-07 nan nan nan nan nan nan
1.300000000000000711e+01 7.764154329220072876e-07 nan nan nan nan nan nan
1.320000000000000639e+01 7.199886233466009172e-07 nan nan nan nan nan nan
1.340000000000000924e+01 6.679409455738570638e-07 nan nan nan nan nan nan
1.360000000000000853e+01 6.200575887051521695e-07 nan nan nan nan nan nan
1.380000000000000782e+01 5.760363159078617598e-07 nan nan nan nan nan nan
1.400000000000000711e+01 5.354874130431968525e-07 nan nan nan nan nan nan
1.420000000000000995e+01 4.988251209439076357e-07 nan nan nan nan nan nan
1.440000000000000924e+01 4.650368370537489535e-07 nan nan nan nan nan nan
1.460000000000000853e+01 4.338036729717083745e-07 nan nan nan nan nan nan
1.480000000000000782e+01 4.048822444519711132e-07 nan nan nan nan nan nan
1.500000000000001066e+01 3.781046625830170141e-07 nan nan nan nan nan nan
1.520000000000000995e+01 3.538666827999467689e-07 nan nan nan nan nan nan
1.540000000000000924e+01 3.313305021805540832e-07 nan nan nan nan nan nan
1.560000000000000853e+01 3.103703089028535283e-07 nan nan nan nan nan nan
1.580000000000001137e+01 2.908698014480257188e-07 nan nan nan nan nan nan
1.600000000000001066e+01 2.727221870817760699e-07 nan nan nan nan nan nan
1.620000000000000995e+01 2.562003137812552290e-07 nan nan nan nan nan nan
1.640000000000000924e+01 2.407707876121738992e-07 nan nan nan nan nan nan
1.660000000000001208e+01 2.263605211200992736e-07 nan nan nan nan nan nan
1.680000000000001137e+01 2.129008962635019195e-07 nan nan nan nan nan nan
1.700000000000001066e+01 2.003277641515799967e-07 nan nan nan nan nan nan
1.720000000000000995e+01 1.887483978920601083e-07 nan nan nan nan nan nan
1.740000000000001279e+01 1.779480951677374318e-07 nan nan nan nan nan nan
1.760000000000001208e+01 1.678422822924930422e-07 nan nan nan nan nan nan
1.780000000000001137e+01 1.583680594459690221e-07 nan nan nan nan nan nan
1.800000000000001066e+01 1.494842006281782432e-07 nan nan nan nan nan nan
1.820000000000001350e+01 1.413150557373567451e-07 nan nan nan nan nan nan
1.840000000000001279e+01 1.336091833581560937e-07 nan nan nan nan nan nan
1.860000000000001208e+01 1.263710513777365797e-07 nan nan nan nan nan nan
1.880000000000001137e+01 1.195805166949371521e-07 nan nan nan nan nan nan
1.900000000000001421e+01 1.131928252123947295e-07 nan nan nan nan nan nan
1.920000000000001350e+01 1.072949483769133352e-07 nan nan nan nan nan nan
1.940000000000001279e+01 1.017316925006481227e-07 nan nan nan nan nan nan
1.960000000000001208e+01 9.648546305095070475e-08 nan nan nan nan nan nan
1.980000000000001492e+01 9.153351454978861320e-08 nan nan nan nan nan nan
