2.000000000000000111e-01 nan nan nan nan nan nan nan
4.000000000000000222e-01 3.267153646737219197e-01 2.077378120012559140e-04 1.423970728230873704e-03 2.090291728521437656e-04 7.294078625180514788e-05 -5.246454930416305962e-06 -2.042521975256840843e-06
5.999999999999999778e-01 1.453779340479517956e-01 1.383630473976787891e-04 1.286463159282362750e-03 1.740611856204110088e-04 6.361102641344904907e-05 -6.735516011252827357e-06 -2.489174742247424561e-06
8.000000000000000444e-01 7.985846513244004852e-02 1.074845226143600888e-04 1.198790438367340833e-03 1.247946693350711312e-04 3.574078136059161885e-05 -1.028401621593390145e-05 -1.747198197989786691e-06
1.000000000000000000e+00 4.890369531697041222e-02 1.392022100069501434e-04 1.203696939530710585e-03 8.429624595444696136e-05 -1.089197010616790591e-07 -1.198366653816892768e-05 -1.987651487870278901e-07
1.199999999999999956e+00 3.183316297457714633e-02 2.142132146514245277e-04 1.284832203447081956e-03 5.809634734156311200e-05 -3.625705164812759667e-05 -8.315781618312181710e-06 1.037690945770723653e-06
1.399999999999999911e+00 2.149338358805667759e-02 3.075755509582808788e-04 1.416984082894335749e-03 4.513509177858305904e-05 -6.821543593354297669e-05 3.616220213691743906e-07 2.888179197882844194e-06
1.600000000000000089e+00 1.485510516439941808e-02 3.994784740889141083e-04 1.580744228899457144e-03 4.538079327376944955e-05 -9.185413388155490896e-05 1.297513086591809152e-05 6.988402933067063226e-06
1.800000000000000044e+00 1.043216348150431683e-02 4.755428840233736775e-04 1.761030896638380531e-03 6.008004495494749373e-05 -1.063396703964985000e-04 2.853323297758755914e-05 1.263833071650389377e-05
2.000000000000000000e+00 7.412073515052785069e-03 5.248326267256067743e-04 1.945940732056500875e-03 8.895557028284752045e-05 -1.121249951506427846e-04 4.523020373740663735e-05 1.766771114239359443e-05
2.200000000000000178e+00 5.314482096733454293e-03 5.404312584128676726e-04 2.129031373311781206e-03 1.305785000769421318e-04 -1.099386169905884251e-04 6.087934250181388171e-05 2.085592002859530989e-05
2.399999999999999911e+00 3.839317039444823353e-03 5.187352709168212977e-04 2.306788523994579652e-03 1.825792704533818998e-04 -9.983073427396649724e-05 7.421742758926436776e-05 2.130785053378609207e-05
2.600000000000000089e+00 2.791788568677830863e-03 4.585217852034588221e-04 2.477642850737075790e-03 2.431923770195824224e-04 -8.322200323053214471e-05 8.512389740406653557e-05 1.878783786974306386e-05
2.799999999999999822e+00 2.041999465118159770e-03 3.618730797672521258e-04 2.639526385036979842e-03 3.092829609004361219e-04 -6.175282711659011760e-05 9.306598503500152777e-05 1.438143962981381712e-05
3.000000000000000000e+00 1.501647244418081095e-03 2.314472115055280930e-04 2.792401590281623838e-03 3.772645432898238125e-04 -3.687321887377852130e-05 9.754364254219616455e-05 9.058900012062369827e-06
3.200000000000000178e+00 1.109852609486866506e-03 7.084204646387376111e-05 2.936644207876853725e-03 4.443438559065904865e-04 -9.693040161384187551e-06 9.831455047253203966e-05 3.153754525026813976e-06
3.399999999999999911e+00 8.241867258237326865e-04 -1.161295434379016250e-04 3.073550428112370187e-03 5.093138525928004581e-04 1.900002081087602697e-05 9.594655754444624560e-05 -2.016447284479868174e-06
3.600000000000000089e+00 6.148177686557942121e-04 -3.254151851286387243e-04 3.204614813227274744e-03 5.700307156036224900e-04 4.893856171299551885e-05 9.049299062069623165e-05 -6.584279958782043644e-06
3.799999999999999822e+00 4.606150386250664635e-04 -5.537726151750889392e-04 3.330782186633525488e-03 6.254904027417961063e-04 7.950784158511460867e-05 8.214116723428418554e-05 -1.020165749629556713e-05
4.000000000000000000e+00 3.465134034607227922e-04 -7.981557613212569499e-04 3.452413288547741353e-03 6.752061266248841074e-04 1.104003838007255352e-04 7.150841558198599984e-05 -1.369493087612140919e-05
4.200000000000000178e+00 2.606852164507082433e-04 nan nan nan nan nan nan
4.400000000000000355e+00 1.961224059643343234e-04 nan nan nan nan nan nan
4.600000000000000533e+00 1.475545044334845293e-04 nan nan nan nan nan nan
4.800000000000000711e+00 1.110176899649724147e-04 nan nan nan nan nan nan
5.000000000000000888e+00 8.353074618272107548e-05 nan nan nan nan nan nan
5.200000000000001066e+00 6.285140648022344810e-05 nan nan nan nan nan nan
5.400000000000001243e+00 4.729313573310633685e-05 nan nan nan nan nan nan
5.600000000000001421e+00 3.558735374514759148e-05 nan nan nan nan nan nan
5.800000000000001599e+00 2.677982656315194726e-05 nan nan nan nan nan nan
6.000000000000001776e+00 2.015274963222476001e-05 nan nan nan nan nan nan
6.200000000000001954e+00 1.516615005002056895e-05 nan nan nan nan nan nan
6.400000000000002132e+00 1.141381638686653994e-05 nan nan nan nan nan nan
6.600000000000002309e+00 8.590153297934014580e-06 nan nan nan nan nan nan
6.800000000000002487e+00 6.465251897411369233e-06 nan nan nan nan nan nan
7.000000000000002665e+00 4.866138829301153264e-06 nan nan nan nan nan nan
7.200000000000002842e+00 3.662672205298757803e-06 nan nan nan nan nan nan
7.400000000000003020e+00 2.756932468719257455e-06 nan nan nan nan nan nan
7.600000000000003197e+00 2.075241892289108836e-06 nan nan nan nan nan nan
7.800000000000003375e+00 1.562161212100533874e-06 nan nan nan nan nan nan
8.000000000000003553e+00 1.175973420686826386e-06 nan nan nan nan nan nan
8.200000000000002842e+00 8.852862061184753022e-07 nan nan nan nan nan nan
8.400000000000003908e+00 6.664758682238570596e-07 nan nan nan nan nan nan
8.600000000000004974e+00 5.017642386442208429e-07 nan nan nan nan nan nan
8.800000000000004263e+00 3.777717958179030346e-07 nan nan nan nan nan nan
9.000000000000003553e+00 2.844290228688158942e-07 nan nan nan nan nan nan
9.200000000000004619e+00 2.141572816717113581e-07 nan nan nan nan nan nan
9.400000000000005684e+00 1.612524582206926748e-07 nan nan nan nan nan nan
9.600000000000004974e+00 1.214211686607319281e-07 nan nan nan nan nan nan
9.800000000000004263e+00 9.143175241479222760e-08 nan nan nan nan nan nan
1.000000000000000533e+01 6.885163433197151761e-08 nan nan nan nan nan nan
1.020000000000000639e+01 5.184967546257304706e-08 nan nan nan nan nan nan
1.040000000000000568e+01 3.904742634483853684e-08 nan nan nan nan nan nan
1.060000000000000497e+01 2.940717957949590742e-08 nan nan nan nan nan nan
1.080000000000000604e+01 2.214771490092556313e-08 nan nan nan nan nan nan
1.100000000000000711e+01 1.668088432262460749e-08 nan nan nan nan nan nan
1.120000000000000639e+01 1.256388106741978198e-08 nan nan nan nan nan nan
1.140000000000000568e+01 9.463312164626857270e-09 nan nan nan nan nan nan
1.160000000000000675e+01 7.128154820940292189e-09 nan nan nan nan nan nan
1.180000000000000782e+01 5.369399193617383239e-09 nan nan nan nan nan nan
1.200000000000000711e+01 4.044723874688434215e-09 nan nan nan nan nan nan
1.220000000000000639e+01 3.046959514700288478e-09 nan nan nan nan nan nan
1.240000000000000568e+01 2.295403887703339971e-09 nan nan nan nan nan nan
1.260000000000000853e+01 1.729283389438508615e-09 nan nan nan nan nan nan
1.280000000000000782e+01 1.302830325176579732e-09 nan nan nan nan nan nan
1.300000000000000711e+01 9.815765705461226919e-10 nan nan nan nan nan nan
1.320000000000000639e+01 7.395629534510929386e-10 nan nan nan nan nan nan
1.340000000000000924e+01 5.572380405830718452e-10 nan nan nan nan nan nan
1.360000000000000853e+01 4.198759625175231564e-10 nan nan nan nan nan nan
1.380000000000000782e+01 3.163850253800860241e-10 nan nan nan nan nan nan
1.400000000000000711e+01 2.384105573816263274e-10 nan nan nan nan nan nan
1.420000000000000995e+01 1.796593009748973240e-10 nan nan nan nan nan nan
1.440000000000000924e+01 1.353906244802769954e-10 nan nan nan nan nan nan
1.460000000000000853e+01 1.020333496743505124e-10 nan nan nan nan nan nan
1.480000000000000782e+01 7.689717204466803412e-11 nan nan nan nan nan nan
1.500000000000001066e+01 5.795531460356535765e-11 nan nan nan nan nan nan
1.520000000000000995e+01 4.368082634593405034e-11 nan nan nan nan nan nan
1.540000000000000924e+01 3.292328082567323850e-11 nan nan nan nan nan nan
1.560000000000000853e+01 2.481590133523496388e-11 nan nan nan nan nan nan
1.580000000000001137e+01 1.870560208740878292e-11 nan nan nan nan nan nan
1.600000000000001066e+01 1.410028931818163897e-11 nan nan nan nan nan nan
1.620000000000000995e+01 1.062916268801152220e-11 nan nan nan nan nan nan
1.640000000000000924e+01 8.012808931193915754e-12 nan nan nan nan nan nan
1.660000000000001208e+01 6.040671592883445367e-12 nan nan nan nan nan nan
1.680000000000001137e+01 4.554077048491352851e-12 nan nan nan nan nan nan
1.700000000000001066e+01 3.433446117384265090e-12 nan nan nan nan nan nan
1.720000000000000995e+01 2.588658825918792609e-12 nan nan nan nan nan nan
1.740000000000001279e+01 1.951794624004891172e-12 nan nan nan nan nan nan
1.760000000000001208e+01 1.471662231177799701e-12 nan nan nan nan nan nan
1.780000000000001137e+01 1.109677806851662742e-12 nan nan nan nan nan nan
1.800000000000001066e+01 8.367589952091584001e-13 nan nan nan nan nan nan
1.820000000000001350e+01 6.309843913435820707e-13 nan nan nan nan nan nan
1.840000000000001279e+01 4.758297413624012791e-13 nan nan nan nan nan nan
1.860000000000001208e+01 3.588387179011216294e-13 nan nan nan nan nan nan
1.880000000000001137e+01 2.706211640308556235e-13 nan nan nan nan nan nan
1.900000000000001421e+01 2.040981048306977425e-13 nan nan nan nan nan nan
1.920000000000001350e+01 1.539327199025389200e-13 nan nan nan nan nan nan
1.940000000000001279e+01 1.161014583839383578e-13 nan nan nan nan nan nan
1.960000000000001208e+01 8.757077066339858587e-14 nan nan nan nan nan nan
1.980000000000001492e+01 6.605343953140490213e-14 nan nan nan nan nan nan
