2.000000000000000111e-01 2.247900129951560088e-03 1.351191965034867840e-02 1.208684334891812519e-02 1.224933204796782712e-04 2.151818204930372534e-04 2.076962616966176621e-05 1.791099237853474143e-05
4.000000000000000222e-01 4.096971155769534348e-04 1.381812002746840920e-02 1.510723475580458101e-02 -1.309638769690941312e-04 5.834851705168201882e-05 -5.686692410517230832e-05 1.371844804507839748e-05
5.999999999999999778e-01 1.333251497322545916e-04 1.501957465667248803e-02 1.851701416761635313e-02 -5.436129016688934787e-04 -2.576918250528755167e-04 -1.106273838883134139e-04 3.212005956851156219e-06
8.000000000000000444e-01 5.459286557276349052e-05 1.489999066425493936e-02 2.347142405795997477e-02 -7.835432187414936031e-04 -5.809670103809148195e-04 -2.212572526021716959e-04 -1.491136568843289240e-05
1.000000000000000000e+00 2.515385308144295440e-05 1.292460622823038072e-02 2.954952571509677703e-02 -8.764585236525581540e-04 -6.112245877170153011e-04 -3.221932657298414208e-04 4.967469452801959805e-06
1.199999999999999956e+00 1.246758284499964445e-05 8.367406248955626055e-03 3.598931710530749867e-02 -1.199329446496759984e-03 -6.605424906102697145e-04 -3.791225968840925193e-04 3.970594130129178191e-05
1.399999999999999911e+00 6.503849779289247075e-06 5.543488433125982190e-04 4.202363976315674765e-02 -1.834662818953517122e-03 -1.026885277772497228e-03 -4.175441754986160725e-04 1.243255711196494771e-05
1.600000000000000089e+00 3.530993092000499837e-06 -1.028625792305077127e-02 4.748360295749801813e-02 -2.604743506485307329e-03 -1.665096184713278551e-03 -5.560862871523752438e-04 -1.501475156547251412e-05
1.800000000000000044e+00 1.977416071489952096e-06 -2.356030415865044067e-02 5.227278423762945353e-02 -3.437525097989372561e-03 -2.469967475686659329e-03 -7.369273294412481126e-04 -4.842362751238877358e-06
2.000000000000000000e+00 1.136060639748267276e-06 -3.872931731057470406e-02 5.650315381993597369e-02 -4.362846028704311582e-03 -3.392720240165347356e-03 -9.672620240835929587e-04 2.700740578348722297e-05
2.200000000000000178e+00 6.675027045744771504e-07 -5.514116921617317341e-02 6.025727438092437493e-02 -5.396048043558843675e-03 -4.316979574433816788e-03 -1.235996654349342128e-03 6.973782858431825011e-05
2.399999999999999911e+00 3.999483957145769848e-07 -7.206406412902066627e-02 6.359860005213603673e-02 -6.555774309682770203e-03 -5.153562050624915271e-03 -1.530154607276093277e-03 1.100333066906605741e-04
2.600000000000000089e+00 2.436350650436553585e-07 -8.894736564993332983e-02 6.654056584585242573e-02 -7.847145380661635708e-03 -5.865719986845864715e-03 -1.839690744533736041e-03 1.379269892905357424e-04
2.799999999999999822e+00 1.505519080985443897e-07 -1.054552246790476655e-01 6.911525096068574237e-02 -9.270551157496940975e-03 -6.473334777465469467e-03 -2.135418455662256229e-03 1.693541900155109265e-04
3.000000000000000000e+00 9.420832578256751292e-08 -1.214279417473159012e-01 7.137873342197439963e-02 -1.081225517780534835e-02 -6.994899105585304123e-03 -2.389805631060725431e-03 1.689213689596554078e-04
3.200000000000000178e+00 5.961749603197735627e-08 -1.367743256317080769e-01 7.336813059310366703e-02 -1.244134001519418310e-02 -7.449667154115010778e-03 -2.625592703100883014e-03 1.463487391612251223e-04
3.399999999999999911e+00 3.811177831070640832e-08 -1.514262602134112123e-01 7.510117482954536960e-02 -1.413163985223538782e-02 -7.826418839477242845e-03 -2.836036179097711166e-03 8.689133467193417342e-05
3.600000000000000089e+00 2.458927516169520580e-08 -1.653596632569121483e-01 7.660816412242732465e-02 -1.587068874450689102e-02 -8.125222184679006115e-03 -3.020939620560442705e-03 -2.027953349429687587e-05
3.799999999999999822e+00 1.599926101445043867e-08 -1.785591128601101973e-01 7.789904061394933854e-02 -1.765705796661518057e-02 -8.365545672000686273e-03 -3.161563415371154619e-03 -1.705907888298785111e-04
4.000000000000000000e+00 1.049281751591588287e-08 -1.910297430858790835e-01 7.897441183751642557e-02 -1.946002642278356343e-02 -8.557061082089671353e-03 -3.264069364009953341e-03 -3.507902569906418957e-04
4.200000000000000178e+00 6.903399977665534472e-09 nan nan nan nan nan nan
4.400000000000000355e+00 4.555397080710445189e-09 nan nan nan nan nan nan
4.600000000000000533e+00 3.014406807720367772e-09 nan nan nan nan nan nan
4.800000000000000711e+00 1.999936116123449602e-09 nan nan nan nan nan nan
5.000000000000000888e+00 1.330150728409561998e-09 nan nan nan nan nan nan
5.200000000000001066e+00 8.867334003820398239e-10 nan nan nan nan nan nan
5.400000000000001243e+00 5.924265523128008461e-10 nan nan nan nan nan nan
5.600000000000001421e+00 3.966170016243683246e-10 nan nan nan nan nan nan
5.800000000000001599e+00 2.660441024584074131e-10 nan nan nan nan nan nan
6.000000000000001776e+00 1.787867177627374482e-10 nan nan nan nan nan nan
6.200000000000001954e+00 1.203575540439966593e-10 nan nan nan nan nan nan
6.400000000000002132e+00 8.115741658867142122e-11 nan nan nan nan nan nan
6.600000000000002309e+00 5.481039661343785161e-11 nan nan nan nan nan nan
6.800000000000002487e+00 3.707176482099585242e-11 nan nan nan nan nan nan
7.000000000000002665e+00 2.510945427658727261e-11 nan nan nan nan nan nan
7.200000000000002842e+00 1.703002528585695636e-11 nan nan nan nan nan nan
7.400000000000003020e+00 1.156510692239266252e-11 nan nan nan nan nan nan
7.600000000000003197e+00 7.863475721960017432e-12 nan nan nan nan nan nan
7.800000000000003375e+00 5.352860201529884667e-12 nan nan nan nan nan nan
8.000000000000003553e+00 3.647885535209562297e-12 nan nan nan nan nan nan
8.200000000000002842e+00 2.488624722219115164e-12 nan nan nan nan nan nan
8.400000000000003908e+00 1.699498684816385802e-12 nan nan nan nan nan nan
8.600000000000004974e+00 1.161734851881973937e-12 nan nan nan nan nan nan
8.800000000000004263e+00 7.948783524276796756e-13 nan nan nan nan nan nan
9.000000000000003553e+00 5.443591830944460038e-13 nan nan nan nan nan nan
9.200000000000004619e+00 3.731181906313571789e-13 nan nan nan nan nan nan
9.400000000000005684e+00 2.559581376423541151e-13 nan nan nan nan nan nan
9.600000000000004974e+00 1.757274553948115135e-13 nan nan nan nan nan nan
9.800000000000004263e+00 1.207384934353712339e-13 nan nan nan nan nan nan
1.000000000000000533e+01 8.301859094402653592e-14 nan nan nan nan nan nan
1.020000000000000639e+01 5.712380532464206470e-14 nan nan nan nan nan nan
1.040000000000000568e+01 3.933330040335374463e-14 nan nan nan nan nan nan
1.060000000000000497e+01 2.710160636375424948e-14 nan nan nan nan nan nan
1.080000000000000604e+01 1.868579161626521138e-14 nan nan nan nan nan nan
1.100000000000000711e+01 1.289141926037656204e-14 nan nan nan nan nan nan
1.120000000000000639e+01 8.899264869422001698e-15 nan nan nan nan nan nan
1.140000000000000568e+01 6.147004608803954195e-15 nan nan nan nan nan nan
1.160000000000000675e+01 4.248358820906859200e-15 nan nan nan nan nan nan
1.180000000000000782e+01 2.937782930888376150e-15 nan nan nan nan nan nan
1.200000000000000711e+01 2.032600555011658411e-15 nan nan nan nan nan nan
1.220000000000000639e+01 1.407056344440756879e-15 nan nan nan nan nan nan
1.240000000000000568e+01 9.745219840854159110e-16 nan nan nan nan nan nan
1.260000000000000853e+01 6.752838584539511472e-16 nan nan nan nan nan nan
1.280000000000000782e+01 4.681551539955094719e-16 nan nan nan nan nan nan
1.300000000000000711e+01 3.247105081246723881e-16 nan nan nan nan nan nan
1.320000000000000639e+01 2.253204360927622736e-16 nan nan nan nan nan nan
1.340000000000000924e+01 1.564218271030190387e-16 nan nan nan nan nan nan
1.360000000000000853e+01 1.086379805045238510e-16 nan nan nan nan nan nan
1.380000000000000782e+01 7.548293628680819778e-17 nan nan nan nan nan nan
1.400000000000000711e+01 5.246794458976394173e-17 nan nan nan nan nan nan
1.420000000000000995e+01 3.648488952917936131e-17 nan nan nan nan nan nan
1.440000000000000924e+01 2.538057459103785462e-17 nan nan nan nan nan nan
1.460000000000000853e+01 1.766262101962898946e-17 nan nan nan nan nan nan
1.480000000000000782e+01 1.229617771389312665e-17 nan nan nan nan nan nan
1.500000000000001066e+01 8.563326736488997615e-18 nan nan nan nan nan nan
1.520000000000000995e+01 5.965798028313695925e-18 nan nan nan nan nan nan
1.540000000000000924e+01 4.157618007727725151e-18 nan nan nan nan nan nan
1.560000000000000853e+01 2.898458585092176613e-18 nan nan nan nan nan nan
1.580000000000001137e+01 2.021308773687091105e-18 nan nan nan nan nan nan
1.600000000000001066e+01 1.410061125458950281e-18 nan nan nan nan nan nan
1.620000000000000995e+01 9.839651039169885762e-19 nan nan nan nan nan nan
1.640000000000000924e+01 6.868387393997392985e-19 nan nan nan nan nan nan
1.660000000000001208e+01 4.795789709884315740e-19 nan nan nan nan nan nan
1.680000000000001137e+01 3.349598536587314700e-19 nan nan nan nan nan nan
1.700000000000001066e+01 2.340182640360856784e-19 nan nan nan nan nan nan
1.720000000000000995e+01 1.635416147752433748e-19 nan nan nan nan nan nan
1.740000000000001279e+01 1.143208848307459691e-19 nan nan nan nan nan nan
1.760000000000001208e+01 7.993536127903212430e-20 nan nan nan nan nan nan
1.780000000000001137e+01 5.590694268197666818e-20 nan nan nan nan nan nan
1.800000000000001066e+01 3.911140425922124668e-20 nan nan nan nan nan nan
1.820000000000001350e+01 2.736840130580252743e-20 nan nan nan nan nan nan
1.840000000000001279e+01 1.915584660571615176e-20 nan nan nan nan nan nan
1.860000000000001208e+01 1.341086455653995426e-20 nan nan nan nan nan nan
1.880000000000001137e+01 9.391032936466008742e-21 nan nan nan nan nan nan
1.900000000000001421e+01 6.577620646524076668e-21 nan nan nan nan nan nan
1.920000000000001350e+01 4.608089590062396585e-21 nan nan nan nan nan nan
1.940000000000001279e+01 3.228995562354206307e-21 nan nan nan nan nan nan
1.960000000000001208e+01 2.263113230358277628e-21 nan nan nan nan nan nan
1.980000000000001492e+01 1.586482644550605925e-21 nan nan nan nan nan nan
