2.000000000000000111e-01 6.388183329710388492e+00 1.421892449483897793e-02 3.949915571597129027e-02 9.292572572836577463e-03 2.893537082211412870e-03 6.059976746503367272e-04 7.437927359155795158e-05
4.000000000000000222e-01 1.560160838777426395e+00 1.109013197228428914e-02 4.099741946994377162e-02 1.106843710320097249e-02 4.217510246494980512e-03 1.211507331313401315e-03 2.795394961378602143e-04
5.999999999999999778e-01 5.984074654581341690e-01 9.147504900185361026e-03 4.168229971459046918e-02 1.208337274549734115e-02 4.770274610445699760e-03 1.418708275683895495e-03 3.462084057212602207e-04
8.000000000000000444e-01 1.924187423538335773e-01 9.699836368469732031e-03 5.976762521475485063e-02 1.920074355385193582e-02 8.058255677785083546e-03 2.438893539626608726e-03 5.848298328750118312e-04
1.000000000000000000e+00 7.296417122106092779e-02 8.048970422241501221e-03 7.731170020155518630e-02 2.739017087093369510e-02 1.259419176183784045e-02 4.078781848003156484e-03 1.024291672326193723e-03
1.199999999999999956e+00 3.404387389691729965e-02 4.084497453127902689e-03 8.367926556607253874e-02 3.199856350483471640e-02 1.598226736399837450e-02 5.618822391885261100e-03 1.548152127648825876e-03
1.399999999999999911e+00 1.640650272393776379e-02 -2.631985694829092038e-04 8.968825737446189938e-02 3.633083073421909670e-02 1.929137287595339770e-02 7.256488059933213081e-03 2.146012573246325935e-03
1.600000000000000089e+00 8.342380265985561635e-03 -4.877756868456721052e-03 9.305464402311483529e-02 3.937990206299535334e-02 2.187082726474147767e-02 8.654658555772033399e-03 2.667527745718032729e-03
1.800000000000000044e+00 4.459271022822247459e-03 -9.497995317941968288e-03 9.374709762295560522e-02 4.104719633683977936e-02 2.358728627118975713e-02 9.706099522340923269e-03 3.054484764102616354e-03
2.000000000000000000e+00 2.487576584210594854e-03 -1.392179665633367681e-02 9.227007471418001427e-02 4.150489808146995419e-02 2.449676277575417449e-02 1.041193796343219645e-02 3.301651132371636287e-03
2.200000000000000178e+00 1.480268695231434783e-03 -1.748995826348481719e-02 8.670153883607088774e-02 3.982732427316095641e-02 2.402638228005755938e-02 1.051183678531714127e-02 3.330564636322440753e-03
2.399999999999999911e+00 8.998000153322998533e-04 -2.062743995693134408e-02 8.110618061812706336e-02 3.786567668734615311e-02 2.324302650519490324e-02 1.044329210096234771e-02 3.287246644566525332e-03
2.600000000000000089e+00 5.599915497340756700e-04 -2.324851767074528550e-02 7.527778179613306420e-02 3.556229626163844720e-02 2.213285818423391810e-02 1.019762784636974937e-02 3.172943103700723907e-03
2.799999999999999822e+00 3.567953347357172007e-04 -2.530287146370430520e-02 6.926248198060179495e-02 3.297495421487958711e-02 2.075055546345915339e-02 9.795404700984224403e-03 2.998265623661690825e-03
3.000000000000000000e+00 2.324520991202456380e-04 -2.678307235130562847e-02 6.320379202021056408e-02 3.020957392080038731e-02 1.918055337599365584e-02 9.271069442457478479e-03 2.779179078600132156e-03
3.200000000000000178e+00 1.577072588980834862e-04 -2.717803851258071904e-02 5.615537202732636540e-02 2.684781703189297042e-02 1.717483025798867066e-02 8.501867509666093808e-03 2.483316829958190884e-03
3.399999999999999911e+00 1.085296096981291458e-04 -2.719845071633439360e-02 4.982033039198045105e-02 2.375400936298312921e-02 1.528992833253899238e-02 7.751100862735124143e-03 2.196786180828025348e-03
3.600000000000000089e+00 7.581350031529658488e-05 -2.686379086622286971e-02 4.408372067726969157e-02 2.090649344276938881e-02 1.352888471499899201e-02 7.025199247138406294e-03 1.924400792974582421e-03
3.799999999999999822e+00 5.376363014256662606e-05 -2.621439706964851651e-02 3.888763623842011324e-02 1.830340804618864337e-02 1.190250235184131880e-02 6.333033568479776339e-03 1.670634984848769645e-03
4.000000000000000000e+00 3.867216044502689166e-05 -2.531568101220948996e-02 3.421608552448023727e-02 1.595340571551942532e-02 1.042598163313729689e-02 5.685031883777619775e-03 1.438620174439205314e-03
4.200000000000000178e+00 2.853778849146503002e-05 nan nan nan nan nan nan
4.400000000000000355e+00 2.121143196957495509e-05 nan nan nan nan nan nan
4.600000000000000533e+00 1.589690201521665790e-05 nan nan nan nan nan nan
4.800000000000000711e+00 1.201929606204918102e-05 nan nan nan nan nan nan
5.000000000000000888e+00 9.170445123225917029e-06 nan nan nan nan nan nan
5.200000000000001066e+00 7.158861653129627271e-06 nan nan nan nan nan nan
5.400000000000001243e+00 5.626110319695596232e-06 nan nan nan nan nan nan
5.600000000000001421e+00 4.452577358393049303e-06 nan nan nan nan nan nan
5.800000000000001599e+00 3.548263554194632195e-06 nan nan nan nan nan nan
6.000000000000001776e+00 2.845660275980001156e-06 nan nan nan nan nan nan
6.200000000000001954e+00 2.324702167064113913e-06 nan nan nan nan nan nan
6.400000000000002132e+00 1.907459212097355223e-06 nan nan nan nan nan nan
6.600000000000002309e+00 1.571936551712237039e-06 nan nan nan nan nan nan
6.800000000000002487e+00 1.300932689970528660e-06 nan nan nan nan nan nan
7.000000000000002665e+00 1.081104148444055247e-06 nan nan nan nan nan nan
7.200000000000002842e+00 9.102812846542520284e-07 nan nan nan nan nan nan
7.400000000000003020e+00 7.684262041968752330e-07 nan nan nan nan nan nan
7.600000000000003197e+00 6.503362025438599228e-07 nan nan nan nan nan nan
7.800000000000003375e+00 5.517457642518578754e-07 nan nan nan nan nan nan
8.000000000000003553e+00 4.692030702734302411e-07 nan nan nan nan nan nan
8.200000000000002842e+00 4.031721382604493464e-07 nan nan nan nan nan nan
8.400000000000003908e+00 3.468242407014360367e-07 nan nan nan nan nan nan
8.600000000000004974e+00 2.987567129326341967e-07 nan nan nan nan nan nan
8.800000000000004263e+00 2.577481261413518723e-07 nan nan nan nan nan nan
9.000000000000003553e+00 2.227418890192024401e-07 nan nan nan nan nan nan
9.200000000000004619e+00 1.940589833578790124e-07 nan nan nan nan nan nan
9.400000000000005684e+00 1.691999547336537474e-07 nan nan nan nan nan nan
9.600000000000004974e+00 1.476614421998344513e-07 nan nan nan nan nan nan
9.800000000000004263e+00 1.289976571083362299e-07 nan nan nan nan nan nan
1.000000000000000533e+01 1.128181927449192673e-07 nan nan nan nan nan nan
1.020000000000000639e+01 9.931314024284932455e-08 nan nan nan nan nan nan
1.040000000000000568e+01 8.748131757141451371e-08 nan nan nan nan nan nan
1.060000000000000497e+01 7.711437496276331522e-08 nan nan nan nan nan nan
1.080000000000000604e+01 6.802852061510890646e-08 nan nan nan nan nan nan
1.100000000000000711e+01 6.006422635010956791e-08 nan nan nan nan nan nan
1.120000000000000639e+01 5.333428246434975179e-08 nan nan nan nan nan nan
1.140000000000000568e+01 4.737589346881627457e-08 nan nan nan nan nan nan
1.160000000000000675e+01 4.210263250045082686e-08 nan nan nan nan nan nan
1.180000000000000782e+01 3.743743055102088357e-08 nan nan nan nan nan nan
1.200000000000000711e+01 3.331253666863629379e-08 nan nan nan nan nan nan
1.220000000000000639e+01 2.978182404414275320e-08 nan nan nan nan nan nan
1.240000000000000568e+01 2.663685915758492808e-08 nan nan nan nan nan nan
1.260000000000000853e+01 2.383458338714977985e-08 nan nan nan nan nan nan
1.280000000000000782e+01 2.133684107493237265e-08 nan nan nan nan nan nan
1.300000000000000711e+01 1.911037411185431100e-08 nan nan nan nan nan nan
1.320000000000000639e+01 1.718861494805857214e-08 nan nan nan nan nan nan
1.340000000000000924e+01 1.546523243514715352e-08 nan nan nan nan nan nan
1.360000000000000853e+01 1.391910585082482340e-08 nan nan nan nan nan nan
1.380000000000000782e+01 1.253135631285468874e-08 nan nan nan nan nan nan
1.400000000000000711e+01 1.128534603756439838e-08 nan nan nan nan nan nan
1.420000000000000995e+01 1.020313824533583856e-08 nan nan nan nan nan nan
1.440000000000000924e+01 9.226505027422377212e-09 nan nan nan nan nan nan
1.460000000000000853e+01 8.345356832531052277e-09 nan nan nan nan nan nan
1.480000000000000782e+01 7.550396812308591979e-09 nan nan nan nan nan nan
1.500000000000001066e+01 6.833120719152708121e-09 nan nan nan nan nan nan
1.520000000000000995e+01 6.205558085740501465e-09 nan nan nan nan nan nan
1.540000000000000924e+01 5.636358633792817973e-09 nan nan nan nan nan nan
1.560000000000000853e+01 5.120079223570066653e-09 nan nan nan nan nan nan
1.580000000000001137e+01 4.651809226542609174e-09 nan nan nan nan nan nan
1.600000000000001066e+01 4.227170511216345920e-09 nan nan nan nan nan nan
1.620000000000000995e+01 3.853375950962288712e-09 nan nan nan nan nan nan
1.640000000000000924e+01 3.513963252706793804e-09 nan nan nan nan nan nan
1.660000000000001208e+01 3.204546833255206145e-09 nan nan nan nan nan nan
1.680000000000001137e+01 2.922123330633857319e-09 nan nan nan nan nan nan
1.700000000000001066e+01 2.665071602111131056e-09 nan nan nan nan nan nan
1.720000000000000995e+01 2.437791574729038587e-09 nan nan nan nan nan nan
1.740000000000001279e+01 2.229866242402192960e-09 nan nan nan nan nan nan
1.760000000000001208e+01 2.039888900288110456e-09 nan nan nan nan nan nan
1.780000000000001137e+01 1.866316611753597481e-09 nan nan nan nan nan nan
1.800000000000001066e+01 1.707470208096701048e-09 nan nan nan nan nan nan
1.820000000000001350e+01 1.566398689449420359e-09 nan nan nan nan nan nan
1.840000000000001279e+01 1.436958990350883003e-09 nan nan nan nan nan nan
1.860000000000001208e+01 1.318217253887944275e-09 nan nan nan nan nan nan
1.880000000000001137e+01 1.209352791969195251e-09 nan nan nan nan nan nan
1.900000000000001421e+01 1.109658085285638206e-09 nan nan nan nan nan nan
1.920000000000001350e+01 1.020757039114741740e-09 nan nan nan nan nan nan
1.940000000000001279e+01 9.388940751302891228e-10 nan nan nan nan nan nan
1.960000000000001208e+01 8.635530252292030763e-10 nan nan nan nan nan nan
1.980000000000001492e+01 7.942851036608746854e-10 nan nan nan nan nan nan
