2.000000000000000111e-01 nan nan nan nan nan nan nan
4.000000000000000222e-01 nan nan nan nan nan nan nan
5.999999999999999778e-01 7.871252069020473474e-01 1.972145372261262589e-02 1.011452170314598165e-01 2.891498218668622777e-02 1.607674933631140363e-02 5.729787864901100466e-03 2.395670659630613070e-03
8.000000000000000444e-01 3.475277876227465534e-01 1.622885036291216165e-02 1.084020586816388937e-01 3.357264258550721886e-02 1.964651238539690328e-02 7.135050317721401691e-03 2.959776139379460998e-03
1.000000000000000000e+00 1.581761162723571701e-01 1.284455304181480149e-02 1.226998418183032624e-01 4.098671845886101006e-02 2.565812824892454991e-02 9.745676715778082630e-03 4.137027779700744659e-03
1.199999999999999956e+00 8.093142758136290249e-02 7.916886541344597336e-03 1.293738649714182565e-01 4.603127154467641369e-02 3.072958098945115582e-02 1.238768421790040729e-02 5.566042155217798895e-03
1.399999999999999911e+00 4.325137610090541707e-02 2.648434567418075924e-03 1.346932368113603617e-01 5.039258855427207473e-02 3.546155289921195525e-02 1.514886639049731198e-02 7.217666614422342183e-03
1.600000000000000089e+00 2.416815940763396980e-02 -2.739271509581033340e-03 1.373632907201634279e-01 5.345080323934862238e-02 3.917489480530391560e-02 1.759372180957030282e-02 8.780410650773612727e-03
1.800000000000000044e+00 1.406724890625671819e-02 -7.985708731855438447e-03 1.373003348158529369e-01 5.509304904278782694e-02 4.165529934193552830e-02 1.949787332619505945e-02 1.006668845996838008e-02
2.000000000000000000e+00 8.507339407448709367e-03 -1.288170950821755124e-02 1.345950220838692257e-01 5.532854259591354212e-02 4.285623311620197218e-02 2.076164124085361218e-02 1.098692573020973798e-02
2.200000000000000178e+00 5.398007936432609212e-03 -1.704224066910137170e-02 1.279680079423166916e-01 5.361310246682616382e-02 4.233344528822073627e-02 2.112333007248515596e-02 1.138368916410842022e-02
2.399999999999999911e+00 3.499860846754188504e-03 -2.070780185072154667e-02 1.209927251550637073e-01 5.146609508350091788e-02 4.126650403039430759e-02 2.113433465455500510e-02 1.154608619719505597e-02
2.600000000000000089e+00 2.318848811582179155e-03 -2.385346335060638603e-02 1.136071788977897901e-01 4.891035686841778418e-02 3.970136955509345061e-02 2.081827132784381390e-02 1.148845722205569728e-02
2.799999999999999822e+00 1.568417305732458132e-03 -2.646299010466171553e-02 1.059190518362463224e-01 4.603158876162487256e-02 3.772825277910870495e-02 2.022054339341162674e-02 1.123701934319589098e-02
3.000000000000000000e+00 1.080917874172394660e-03 -2.855411402494882969e-02 9.814134527527140772e-02 4.295851990010632337e-02 3.547143693670432030e-02 1.940650503330173041e-02 1.083130765140886270e-02
3.200000000000000178e+00 7.663460977678958818e-04 -2.982093994895733402e-02 8.945934181542491981e-02 3.936162152516521628e-02 3.267765947603022691e-02 1.823717245348065175e-02 1.019660758309563764e-02
3.399999999999999911e+00 5.513890652523858538e-04 -3.064997006434625262e-02 8.124373898605130595e-02 3.587522866391470999e-02 2.988805670877875756e-02 1.700511367101634891e-02 9.503404197452292382e-03
3.600000000000000089e+00 4.025100422690657096e-04 -3.107003018443497272e-02 7.348561575032878934e-02 3.252146089717635608e-02 2.714190727944481435e-02 1.573785371833731281e-02 8.772336073604985324e-03
3.799999999999999822e+00 2.978908396504903943e-04 -3.112568334938826259e-02 6.621586661284076247e-02 2.933475833668246560e-02 2.448554139512525846e-02 1.446658673025398752e-02 8.026704765591904933e-03
4.000000000000000000e+00 2.233735733806292353e-04 -3.086069627331695236e-02 5.944825996664870188e-02 2.633749529188283284e-02 2.195332582276287789e-02 1.321573554945217922e-02 7.285834372704724435e-03
4.200000000000000178e+00 1.704936817137899061e-04 nan nan nan nan nan nan
4.400000000000000355e+00 1.310216321311711294e-04 nan nan nan nan nan nan
4.600000000000000533e+00 1.014629283781281696e-04 nan nan nan nan nan nan
4.800000000000000711e+00 7.922880376921787114e-05 nan nan nan nan nan nan
5.000000000000000888e+00 6.241754273897445868e-05 nan nan nan nan nan nan
5.200000000000001066e+00 4.999381035607152569e-05 nan nan nan nan nan nan
5.400000000000001243e+00 4.037646012543752861e-05 nan nan nan nan nan nan
5.600000000000001421e+00 3.288264371893509096e-05 nan nan nan nan nan nan
5.800000000000001599e+00 2.699853347000269146e-05 nan nan nan nan nan nan
6.000000000000001776e+00 2.234038730987927360e-05 nan nan nan nan nan nan
6.200000000000001954e+00 1.875994504865274528e-05 nan nan nan nan nan nan
6.400000000000002132e+00 1.585257610726256952e-05 nan nan nan nan nan nan
6.600000000000002309e+00 1.347723052581652111e-05 nan nan nan nan nan nan
6.800000000000002487e+00 1.152388964134690818e-05 nan nan nan nan nan nan
7.000000000000002665e+00 9.906600008745843186e-06 nan nan nan nan nan nan
7.200000000000002842e+00 8.603263246983280891e-06 nan nan nan nan nan nan
7.400000000000003020e+00 7.501177957912061195e-06 nan nan nan nan nan nan
7.600000000000003197e+00 6.565987111889276012e-06 nan nan nan nan nan nan
7.800000000000003375e+00 5.768887494280799574e-06 nan nan nan nan nan nan
8.000000000000003553e+00 5.085377261876876502e-06 nan nan nan nan nan nan
8.200000000000002842e+00 4.517558517061680021e-06 nan nan nan nan nan nan
8.400000000000003908e+00 4.020046638865299672e-06 nan nan nan nan nan nan
8.600000000000004974e+00 3.587110769145130123e-06 nan nan nan nan nan nan
8.800000000000004263e+00 3.209783726427665879e-06 nan nan nan nan nan nan
9.000000000000003553e+00 2.875635718802474162e-06 nan nan nan nan nan nan
9.200000000000004619e+00 2.591680009370442140e-06 nan nan nan nan nan nan
9.400000000000005684e+00 2.339001430397278642e-06 nan nan nan nan nan nan
9.600000000000004974e+00 2.114172412646377512e-06 nan nan nan nan nan nan
9.800000000000004263e+00 1.913884599722879665e-06 nan nan nan nan nan nan
1.000000000000000533e+01 1.734907761260895035e-06 nan nan nan nan nan nan
1.020000000000000639e+01 1.579976937262687360e-06 nan nan nan nan nan nan
1.040000000000000568e+01 1.440333325684810757e-06 nan nan nan nan nan nan
1.060000000000000497e+01 1.314423337339409829e-06 nan nan nan nan nan nan
1.080000000000000604e+01 1.200838667385413524e-06 nan nan nan nan nan nan
1.100000000000000711e+01 1.098308798211011657e-06 nan nan nan nan nan nan
1.120000000000000639e+01 1.008331422161151618e-06 nan nan nan nan nan nan
1.140000000000000568e+01 9.264527360622231590e-07 nan nan nan nan nan nan
1.160000000000000675e+01 8.519285273148613996e-07 nan nan nan nan nan nan
1.180000000000000782e+01 7.840776257275684572e-07 nan nan nan nan nan nan
1.200000000000000711e+01 7.222805287084690932e-07 nan nan nan nan nan nan
1.220000000000000639e+01 6.672616495833007228e-07 nan nan nan nan nan nan
1.240000000000000568e+01 6.169880167850086660e-07 nan nan nan nan nan nan
1.260000000000000853e+01 5.709498391509957581e-07 nan nan nan nan nan nan
1.280000000000000782e+01 5.287269443379879858e-07 nan nan nan nan nan nan
1.300000000000000711e+01 4.899885254547727887e-07 nan nan nan nan nan nan
1.320000000000000639e+01 4.553265121353772407e-07 nan nan nan nan nan nan
1.340000000000000924e+01 4.233559714883089321e-07 nan nan nan nan nan nan
1.360000000000000853e+01 3.938653643859919979e-07 nan nan nan nan nan nan
1.380000000000000782e+01 3.666564609332554473e-07 nan nan nan nan nan nan
1.400000000000000711e+01 3.415442935405027699e-07 nan nan nan nan nan nan
1.420000000000000995e+01 3.189057537219784201e-07 nan nan nan nan nan nan
1.440000000000000924e+01 2.979119008928174692e-07 nan nan nan nan nan nan
1.460000000000000853e+01 2.784423140887347219e-07 nan nan nan nan nan nan
1.480000000000000782e+01 2.603837626838571795e-07 nan nan nan nan nan nan
1.500000000000001066e+01 2.436301976559261596e-07 nan nan nan nan nan nan
1.520000000000000995e+01 2.284281945696065767e-07 nan nan nan nan nan nan
1.540000000000000924e+01 2.142667438487064888e-07 nan nan nan nan nan nan
1.560000000000000853e+01 2.010740114663056710e-07 nan nan nan nan nan nan
1.580000000000001137e+01 1.887823414370698168e-07 nan nan nan nan nan nan
1.600000000000001066e+01 1.773282541832998154e-07 nan nan nan nan nan nan
1.620000000000000995e+01 1.668772054614672771e-07 nan nan nan nan nan nan
1.640000000000000924e+01 1.571012446293220640e-07 nan nan nan nan nan nan
1.660000000000001208e+01 1.479338582314714140e-07 nan nan nan nan nan nan
1.680000000000001137e+01 1.393456268436414033e-07 nan nan nan nan nan nan
1.700000000000001066e+01 1.313442247655105326e-07 nan nan nan nan nan nan
1.720000000000000995e+01 1.240061084115292900e-07 nan nan nan nan nan nan
1.740000000000001279e+01 1.171169536084400357e-07 nan nan nan nan nan nan
1.760000000000001208e+01 1.106473216746971966e-07 nan nan nan nan nan nan
1.780000000000001137e+01 1.045712537357050728e-07 nan nan nan nan nan nan
1.800000000000001066e+01 9.886627066579175248e-08 nan nan nan nan nan nan
1.820000000000001350e+01 9.361045192371297117e-08 nan nan nan nan nan nan
1.840000000000001279e+01 8.866150304728144577e-08 nan nan nan nan nan nan
1.860000000000001208e+01 8.400115832383405270e-08 nan nan nan nan nan nan
1.880000000000001137e+01 7.961198645555844686e-08 nan nan nan nan nan nan
1.900000000000001421e+01 7.547739054847697461e-08 nan nan nan nan nan nan
1.920000000000001350e+01 7.165326212758891423e-08 nan nan nan nan nan nan
1.940000000000001279e+01 6.804194468931795698e-08 nan nan nan nan nan nan
1.960000000000001208e+01 6.463124763026833626e-08 nan nan nan nan nan nan
1.980000000000001492e+01 6.141012098782650288e-08 nan nan nan nan nan nan
