2.000000000000000111e-01 2.762854301871611185e+01 1.344304142089805532e-02 1.908647687641772811e-02 6.012155795635120217e-03 1.950399553708271087e-03 3.542731905325942061e-04 4.889126431725007021e-05
4.000000000000000222e-01 6.473400571998541686e+00 1.136242322154123845e-02 2.019071066813868387e-02 7.310628268819401206e-03 2.832999258993352480e-03 6.567235140144369243e-04 1.368156850328532343e-04
5.999999999999999778e-01 2.420729292875204219e+00 1.039340478070621340e-02 2.110002154521587250e-02 8.119180727098924619e-03 3.217286468081290932e-03 7.737926122636263346e-04 1.727058765647333902e-04
8.000000000000000444e-01 7.956461060789700168e-01 1.172138802705209593e-02 2.995065142542099532e-02 1.276349891309357977e-02 5.314152007507908296e-03 1.281487561726397375e-03 2.776073215704866291e-04
1.000000000000000000e+00 3.060230266122910270e-01 1.066912200464397928e-02 3.824956280746099474e-02 1.819250612120302396e-02 8.309793707971959917e-03 2.133352599592845244e-03 4.741687955252933901e-04
1.199999999999999956e+00 1.417207377808921698e-01 7.037454813752697450e-03 4.135916888932910512e-02 2.156402080860657378e-02 1.076009246283045166e-02 3.012556667075626943e-03 7.335263021120008589e-04
1.399999999999999911e+00 6.790263504989595134e-02 3.029506970335698029e-03 4.396686201501859986e-02 2.463860815420265693e-02 1.317637508953071676e-02 3.976731025739888362e-03 1.042669339502128858e-03
1.600000000000000089e+00 3.423481275746170782e-02 -1.232313770291883952e-03 4.521425437010188203e-02 2.686574044219588661e-02 1.515622158816388836e-02 4.850527884212818726e-03 1.331793351112364829e-03
1.800000000000000044e+00 1.809781533307501522e-02 -5.512375886592806029e-03 4.512962603866322447e-02 2.818915343013633085e-02 1.660580369626096786e-02 5.575927984639727879e-03 1.576729315798942356e-03
2.000000000000000000e+00 9.968849559164501273e-03 -9.590810508365639475e-03 4.394048691885700519e-02 2.867975269135390401e-02 1.752531644806016448e-02 6.136854456627066634e-03 1.776650895734822964e-03
2.200000000000000178e+00 5.838120750490903392e-03 -1.293146063967271983e-02 4.084634293979779590e-02 2.772572611788847938e-02 1.748372256448748815e-02 6.360341867769163209e-03 1.883111146809356151e-03
2.399999999999999911e+00 3.498853978509257681e-03 -1.570085721591096828e-02 3.761161838529351875e-02 2.644221249793621276e-02 1.713275649298518291e-02 6.459720915158415587e-03 1.955415651725003669e-03
2.600000000000000089e+00 2.150068264917848714e-03 -1.781405213218744885e-02 3.420243523629684645e-02 2.481458487588031336e-02 1.645499741159712689e-02 6.418283198701244148e-03 1.987648722209470458e-03
2.799999999999999822e+00 1.354596724257819962e-03 -1.923660925397982849e-02 3.069340481860872299e-02 2.290733045654055888e-02 1.548913394941848348e-02 6.239948548743491120e-03 1.978903664709315106e-03
3.000000000000000000e+00 8.739401444736385896e-04 -1.999322999736071610e-02 2.719650839208372778e-02 2.082059374760408116e-02 1.430528326422206981e-02 5.944346357230416780e-03 1.933247590691381792e-03
3.200000000000000178e+00 5.874922852236162153e-04 -1.977542945840525188e-02 2.337489107708421235e-02 1.831057937686294060e-02 1.274209965172186029e-02 5.454498028825195168e-03 1.823002249160798763e-03
3.399999999999999911e+00 4.013170663954559667e-04 -1.916479470231190543e-02 1.996563082380013385e-02 1.596984511862381897e-02 1.122272307445979118e-02 4.944913860174583904e-03 1.702523051894868668e-03
3.600000000000000089e+00 2.786811946959876548e-04 -1.824008980096471222e-02 1.693243044894914701e-02 1.380563420634397381e-02 9.770621961893483434e-03 4.428735551666004161e-03 1.575877745467107148e-03
3.799999999999999822e+00 1.966929147296271607e-04 -1.708601369511148285e-02 1.425306028364332726e-02 1.183043888959974844e-02 8.411754193021243539e-03 3.920124764324573775e-03 1.447229800811751944e-03
4.000000000000000000e+00 1.409512827014924234e-04 -1.579442533819578817e-02 1.191519742091629551e-02 1.006024912302238249e-02 7.171276555743398215e-03 3.433803317330336082e-03 1.320731918991357307e-03
4.200000000000000178e+00 1.036094496043127951e-04 nan nan nan nan nan nan
4.400000000000000355e+00 7.673954000783320703e-05 nan nan nan nan nan nan
4.600000000000000533e+00 5.733157182994343321e-05 nan nan nan nan nan nan
4.800000000000000711e+00 4.322720418389975960e-05 nan nan nan nan nan nan
5.000000000000000888e+00 3.290258561931552349e-05 nan nan nan nan nan nan
5.200000000000001066e+00 2.563157846458342292e-05 nan nan nan nan nan nan
5.400000000000001243e+00 2.010981488796734936e-05 nan nan nan nan nan nan
5.600000000000001421e+00 1.589403765207788425e-05 nan nan nan nan nan nan
5.800000000000001599e+00 1.265303959301565631e-05 nan nan nan nan nan nan
6.000000000000001776e+00 1.013983911524912637e-05 nan nan nan nan nan nan
6.200000000000001954e+00 8.279012920964340361e-06 nan nan nan nan nan nan
6.400000000000002132e+00 6.790604915107425781e-06 nan nan nan nan nan nan
6.600000000000002309e+00 5.594875813457819436e-06 nan nan nan nan nan nan
6.800000000000002487e+00 4.629750708953794293e-06 nan nan nan nan nan nan
7.000000000000002665e+00 3.847250876492203743e-06 nan nan nan nan nan nan
7.200000000000002842e+00 3.239408086846138229e-06 nan nan nan nan nan nan
7.400000000000003020e+00 2.734726607004505690e-06 nan nan nan nan nan nan
7.600000000000003197e+00 2.314622117885563536e-06 nan nan nan nan nan nan
7.800000000000003375e+00 1.963884880037786723e-06 nan nan nan nan nan nan
8.000000000000003553e+00 1.670221777664694729e-06 nan nan nan nan nan nan
8.200000000000002842e+00 1.435296191619849071e-06 nan nan nan nan nan nan
8.400000000000003908e+00 1.234796814345324853e-06 nan nan nan nan nan nan
8.600000000000004974e+00 1.063740116871616932e-06 nan nan nan nan nan nan
8.800000000000004263e+00 9.177866905340785445e-07 nan nan nan nan nan nan
9.000000000000003553e+00 7.931824236312624882e-07 nan nan nan nan nan nan
9.200000000000004619e+00 6.910783547813544126e-07 nan nan nan nan nan nan
9.400000000000005684e+00 6.025772866944865900e-07 nan nan nan nan nan nan
9.600000000000004974e+00 5.258908484797828193e-07 nan nan nan nan nan nan
9.800000000000004263e+00 4.594346231063505120e-07 nan nan nan nan nan nan
1.000000000000000533e+01 4.018205856357146766e-07 nan nan nan nan nan nan
1.020000000000000639e+01 3.537278033851163436e-07 nan nan nan nan nan nan
1.040000000000000568e+01 3.115914347194955803e-07 nan nan nan nan nan nan
1.060000000000000497e+01 2.746703725985295046e-07 nan nan nan nan nan nan
1.080000000000000604e+01 2.423107004389778974e-07 nan nan nan nan nan nan
1.100000000000000711e+01 2.139447192746695319e-07 nan nan nan nan nan nan
1.120000000000000639e+01 1.899745922296039846e-07 nan nan nan nan nan nan
1.140000000000000568e+01 1.687520957327746101e-07 nan nan nan nan nan nan
1.160000000000000675e+01 1.499695749659248761e-07 nan nan nan nan nan nan
1.180000000000000782e+01 1.333526499841394047e-07 nan nan nan nan nan nan
1.200000000000000711e+01 1.186600904592003180e-07 nan nan nan nan nan nan
1.220000000000000639e+01 1.060838693132635022e-07 nan nan nan nan nan nan
1.240000000000000568e+01 9.488158429488054647e-08 nan nan nan nan nan nan
1.260000000000000853e+01 8.489989426043537917e-08 nan nan nan nan nan nan
1.280000000000000782e+01 7.600291197420892616e-08 nan nan nan nan nan nan
1.300000000000000711e+01 6.807218796857908392e-08 nan nan nan nan nan nan
1.320000000000000639e+01 6.122682356295931501e-08 nan nan nan nan nan nan
1.340000000000000924e+01 5.508806912207303394e-08 nan nan nan nan nan nan
1.360000000000000853e+01 4.958069749807806265e-08 nan nan nan nan nan nan
1.380000000000000782e+01 4.463746524764089894e-08 nan nan nan nan nan nan
1.400000000000000711e+01 4.019911055065851138e-08 nan nan nan nan nan nan
1.420000000000000995e+01 3.634422619312389278e-08 nan nan nan nan nan nan
1.440000000000000924e+01 3.286540201558894581e-08 nan nan nan nan nan nan
1.460000000000000853e+01 2.972669941158382297e-08 nan nan nan nan nan nan
1.480000000000000782e+01 2.689500311902450520e-08 nan nan nan nan nan nan
1.500000000000001066e+01 2.434002095162026564e-08 nan nan nan nan nan nan
1.520000000000000995e+01 2.210460324944419269e-08 nan nan nan nan nan nan
1.540000000000000924e+01 2.007707849703959198e-08 nan nan nan nan nan nan
1.560000000000000853e+01 1.823805804106693947e-08 nan nan nan nan nan nan
1.580000000000001137e+01 1.657005001641706507e-08 nan nan nan nan nan nan
1.600000000000001066e+01 1.505745931152258252e-08 nan nan nan nan nan nan
1.620000000000000995e+01 1.372597871380190866e-08 nan nan nan nan nan nan
1.640000000000000924e+01 1.251696848851833645e-08 nan nan nan nan nan nan
1.660000000000001208e+01 1.141480692619493028e-08 nan nan nan nan nan nan
1.680000000000001137e+01 1.040879587217111820e-08 nan nan nan nan nan nan
1.700000000000001066e+01 9.493160722119199325e-09 nan nan nan nan nan nan
1.720000000000000995e+01 8.683574315453355277e-09 nan nan nan nan nan nan
1.740000000000001279e+01 7.942930595501535172e-09 nan nan nan nan nan nan
1.760000000000001208e+01 7.266218791123800906e-09 nan nan nan nan nan nan
1.780000000000001137e+01 6.647942863222468214e-09 nan nan nan nan nan nan
1.800000000000001066e+01 6.082121504162272904e-09 nan nan nan nan nan nan
1.820000000000001350e+01 5.579615454985362140e-09 nan nan nan nan nan nan
1.840000000000001279e+01 5.118542712230900180e-09 nan nan nan nan nan nan
1.860000000000001208e+01 4.695576816643907327e-09 nan nan nan nan nan nan
1.880000000000001137e+01 4.307794423568326378e-09 nan nan nan nan nan nan
1.900000000000001421e+01 3.952675302871921243e-09 nan nan nan nan nan nan
1.920000000000001350e+01 3.636003912508548977e-09 nan nan nan nan nan nan
1.940000000000001279e+01 3.344402634870092115e-09 nan nan nan nan nan nan
1.960000000000001208e+01 3.076032845226642455e-09 nan nan nan nan nan nan
1.980000000000001492e+01 2.829295939200224966e-09 nan nan nan nan nan nan
