2.000000000000000111e-01 nan nan nan nan nan nan nan
4.000000000000000222e-01 nan nan nan nan nan nan nan
5.999999999999999778e-01 5.675809554199459095e-01 2.208826471657019189e-02 9.718654106728948083e-02 2.960954742291724978e-02 1.532239613989148062e-02 5.710186138862712035e-03 2.387005045587105474e-03
8.000000000000000444e-01 2.513478496651021521e-01 1.760643404850840976e-02 1.032176072119696253e-01 3.415486341143281201e-02 1.863032515650918722e-02 7.096952990266022082e-03 2.950999119218426954e-03
1.000000000000000000e+00 1.140990456692694277e-01 1.363398493807204542e-02 1.168138060164658765e-01 4.166089127393388797e-02 2.434637234713406609e-02 9.743389865354928209e-03 4.144668908167498458e-03
1.199999999999999956e+00 5.836831916333056619e-02 8.019911222147728391e-03 1.226540295999992425e-01 4.647001863956921192e-02 2.905526592859312973e-02 1.235889739533126142e-02 5.547592599462515713e-03
1.399999999999999911e+00 3.117067380680306476e-02 2.170550475683356677e-03 1.273529268364494427e-01 5.051400160444045190e-02 3.345019419969744168e-02 1.504327023826306127e-02 7.162060096275446423e-03
1.600000000000000089e+00 1.741100024939872676e-02 -3.746802808745325515e-03 1.295647365888719094e-01 5.317875080009148991e-02 3.687612211687530533e-02 1.735860444140527661e-02 8.690253094534489825e-03
1.800000000000000044e+00 1.013634683114917820e-02 -9.482151394723638618e-03 1.291895369802464333e-01 5.439320286727777898e-02 3.912864968566552581e-02 1.909861315263274364e-02 9.952582193190803381e-03
2.000000000000000000e+00 6.135899440448309115e-03 -1.481834610131322477e-02 1.263026639084614544e-01 5.420035214538915930e-02 4.016417514451359888e-02 2.018256846005092933e-02 1.086006452689083392e-02
2.200000000000000178e+00 3.902798810714051304e-03 -1.930177175987034949e-02 1.195846378369666008e-01 5.205581549309468148e-02 3.953712448703049220e-02 2.035652123848814138e-02 1.124307028796425051e-02
2.399999999999999911e+00 2.536534906599592284e-03 -2.326772142681375610e-02 1.126929427649845245e-01 4.957181845448212915e-02 3.843972841658842288e-02 2.020428367238648673e-02 1.141022355092208458e-02
2.600000000000000089e+00 1.684800175053092217e-03 -2.669978572639377865e-02 1.055275855660665063e-01 4.676304462302410814e-02 3.691092366992401036e-02 1.975314161673139696e-02 1.137335622049774099e-02
2.799999999999999822e+00 1.142533150688906712e-03 -2.958951309369425506e-02 9.816954492876930893e-02 4.371179429000711381e-02 3.503468014097676358e-02 1.905289475465397550e-02 1.115824903829829365e-02
3.000000000000000000e+00 7.895053629674713162e-04 -3.196393443448909688e-02 9.080828216371764072e-02 4.054217093505070590e-02 3.292776973372903843e-02 1.817200312387025340e-02 1.080436194290912769e-02
3.200000000000000178e+00 5.615239746089699955e-04 -3.345522843648934125e-02 8.261740946684435760e-02 3.692349419055780679e-02 3.033622878628934594e-02 1.697790610524393604e-02 1.022955563617947324e-02
3.399999999999999911e+00 4.052528355944220399e-04 -3.452080040100634351e-02 7.493834236644382474e-02 3.347792649167513623e-02 2.778276919199955397e-02 1.575670444205046206e-02 9.609871525565987296e-03
3.600000000000000089e+00 2.967031512407612291e-04 -3.518021989967037161e-02 6.773814823717651257e-02 3.021380468109132258e-02 2.529423001415245786e-02 1.453058558506652859e-02 8.962202941921735763e-03
3.799999999999999822e+00 2.202067931368932108e-04 -3.547174872703985626e-02 6.102796354788529720e-02 2.715343499354582607e-02 2.290631419342364222e-02 1.332539586660615345e-02 8.305631875770396258e-03
4.000000000000000000e+00 1.655703957666423065e-04 -3.543187833007829801e-02 5.480638891239938970e-02 2.430902318780651938e-02 2.064431252883836346e-02 1.215982460436111287e-02 7.655422073877752275e-03
4.200000000000000178e+00 1.267636653591728744e-04 nan nan nan nan nan nan
4.400000000000000355e+00 9.770897946020931581e-05 nan nan nan nan nan nan
4.600000000000000533e+00 7.588677405947203531e-05 nan nan nan nan nan nan
4.800000000000000711e+00 5.942382035401895838e-05 nan nan nan nan nan nan
5.000000000000000888e+00 4.693997910314134231e-05 nan nan nan nan nan nan
5.200000000000001066e+00 3.769544151760646935e-05 nan nan nan nan nan nan
5.400000000000001243e+00 3.051640760778923388e-05 nan nan nan nan nan nan
5.600000000000001421e+00 2.490565808145244956e-05 nan nan nan nan nan nan
5.800000000000001599e+00 2.048756645342256474e-05 nan nan nan nan nan nan
6.000000000000001776e+00 1.698066096629073640e-05 nan nan nan nan nan nan
6.200000000000001954e+00 1.427997997270976983e-05 nan nan nan nan nan nan
6.400000000000002132e+00 1.208163120688575378e-05 nan nan nan nan nan nan
6.600000000000002309e+00 1.028170780080965051e-05 nan nan nan nan nan nan
6.800000000000002487e+00 8.798793182596666504e-06 nan nan nan nan nan nan
7.000000000000002665e+00 7.569017518067872002e-06 nan nan nan nan nan nan
7.200000000000002842e+00 6.576794723138828586e-06 nan nan nan nan nan nan
7.400000000000003020e+00 5.736746833103731481e-06 nan nan nan nan nan nan
7.600000000000003197e+00 5.023192350619509758e-06 nan nan nan nan nan nan
7.800000000000003375e+00 4.414503075612614118e-06 nan nan nan nan nan nan
8.000000000000003553e+00 3.892207594830088050e-06 nan nan nan nan nan nan
8.200000000000002842e+00 3.458110777975590949e-06 nan nan nan nan nan nan
8.400000000000003908e+00 3.077594495317514131e-06 nan nan nan nan nan nan
8.600000000000004974e+00 2.746358835742240512e-06 nan nan nan nan nan nan
8.800000000000004263e+00 2.457596467991160665e-06 nan nan nan nan nan nan
9.000000000000003553e+00 2.201828950371812755e-06 nan nan nan nan nan nan
9.200000000000004619e+00 1.984451427595907901e-06 nan nan nan nan nan nan
9.400000000000005684e+00 1.790997503609992291e-06 nan nan nan nan nan nan
9.600000000000004974e+00 1.618853236637814810e-06 nan nan nan nan nan nan
9.800000000000004263e+00 1.465492059823711252e-06 nan nan nan nan nan nan
1.000000000000000533e+01 1.328444680512938310e-06 nan nan nan nan nan nan
1.020000000000000639e+01 1.209807592715615844e-06 nan nan nan nan nan nan
1.040000000000000568e+01 1.102875766386391265e-06 nan nan nan nan nan nan
1.060000000000000497e+01 1.006460337158539401e-06 nan nan nan nan nan nan
1.080000000000000604e+01 9.194832898272738837e-07 nan nan nan nan nan nan
1.100000000000000711e+01 8.409718818333029004e-07 nan nan nan nan nan nan
1.120000000000000639e+01 7.720727810010254730e-07 nan nan nan nan nan nan
1.140000000000000568e+01 7.093757165004489170e-07 nan nan nan nan nan nan
1.160000000000000675e+01 6.523107159650884774e-07 nan nan nan nan nan nan
1.180000000000000782e+01 6.003560763942196326e-07 nan nan nan nan nan nan
1.200000000000000711e+01 5.530373229481149022e-07 nan nan nan nan nan nan
1.220000000000000639e+01 5.109089925972180064e-07 nan nan nan nan nan nan
1.240000000000000568e+01 4.724143946390617789e-07 nan nan nan nan nan nan
1.260000000000000853e+01 4.371631085257851436e-07 nan nan nan nan nan nan
1.280000000000000782e+01 4.048333478867956624e-07 nan nan nan nan nan nan
1.300000000000000711e+01 3.751717645281705014e-07 nan nan nan nan nan nan
1.320000000000000639e+01 3.486315331752039159e-07 nan nan nan nan nan nan
1.340000000000000924e+01 3.241522149020741393e-07 nan nan nan nan nan nan
1.360000000000000853e+01 3.015718105765351670e-07 nan nan nan nan nan nan
1.380000000000000782e+01 2.807385179762506076e-07 nan nan nan nan nan nan
1.400000000000000711e+01 2.615106945762262900e-07 nan nan nan nan nan nan
1.420000000000000995e+01 2.441769003336564270e-07 nan nan nan nan nan nan
1.440000000000000924e+01 2.281024295568252265e-07 nan nan nan nan nan nan
1.460000000000000853e+01 2.131950709630073353e-07 nan nan nan nan nan nan
1.480000000000000782e+01 1.993681206708392689e-07 nan nan nan nan nan nan
1.500000000000001066e+01 1.865403750719067827e-07 nan nan nan nan nan nan
1.520000000000000995e+01 1.749006256456693153e-07 nan nan nan nan nan nan
1.540000000000000924e+01 1.640576049433135332e-07 nan nan nan nan nan nan
1.560000000000000853e+01 1.539563095540363246e-07 nan nan nan nan nan nan
1.580000000000001137e+01 1.445449356096649116e-07 nan nan nan nan nan nan
1.600000000000001066e+01 1.357748774064422882e-07 nan nan nan nan nan nan
1.620000000000000995e+01 1.277728183653924279e-07 nan nan nan nan nan nan
1.640000000000000924e+01 1.202876559121326081e-07 nan nan nan nan nan nan
1.660000000000001208e+01 1.132684621415894589e-07 nan nan nan nan nan nan
1.680000000000001137e+01 1.066927110583079201e-07 nan nan nan nan nan nan
1.700000000000001066e+01 1.005662783074221292e-07 nan nan nan nan nan nan
1.720000000000000995e+01 9.494770398369821156e-08 nan nan nan nan nan nan
1.740000000000001279e+01 8.967288641162208798e-08 nan nan nan nan nan nan
1.760000000000001208e+01 8.471928514710911612e-08 nan nan nan nan nan nan
1.780000000000001137e+01 8.006702416336848127e-08 nan nan nan nan nan nan
1.800000000000001066e+01 7.569889179787135029e-08 nan nan nan nan nan nan
1.820000000000001350e+01 7.167467105079656181e-08 nan nan nan nan nan nan
1.840000000000001279e+01 6.788541134414981475e-08 nan nan nan nan nan nan
1.860000000000001208e+01 6.431712714392786843e-08 nan nan nan nan nan nan
1.880000000000001137e+01 6.095647181073963153e-08 nan nan nan nan nan nan
1.900000000000001421e+01 5.779073758924695002e-08 nan nan nan nan nan nan
1.920000000000001350e+01 5.486271890163176700e-08 nan nan nan nan nan nan
1.940000000000001279e+01 5.209764312906663515e-08 nan nan nan nan nan nan
1.960000000000001208e+01 4.948617628987442141e-08 nan nan nan nan nan nan
1.980000000000001492e+01 4.701985775832158287e-08 nan nan nan nan nan nan
