2.000000000000000111e-01 4.954455545457425725e-02 2.863168942667821543e-03 1.057069413599416412e-02 3.672154215453869762e-04 1.207749860179099051e-04 -3.913959071297002024e-05 -1.748963246081006062e-05
4.000000000000000222e-01 1.202723272612734977e-02 2.440652447881868498e-03 9.826028942893486051e-03 3.099907021182695083e-04 1.434973866659930322e-04 -5.529674785497824900e-05 -2.217189789751694310e-05
5.999999999999999778e-01 4.942132027438960948e-03 2.587070758879514692e-03 8.948127793334936103e-03 2.066537394882173799e-04 6.565904904403801210e-05 -7.530876985940984170e-05 -3.758259667782866723e-05
8.000000000000000444e-01 2.495164351035388060e-03 3.203249465245299344e-03 9.330453532580874204e-03 2.318267762773818387e-04 -2.211420158874166989e-05 -8.189235393764244034e-05 -4.298625573279368377e-05
1.000000000000000000e+00 1.399525241641564385e-03 3.825999290694001055e-03 1.065718469702378775e-02 3.824702931120561541e-04 -7.323290839560604346e-05 -3.548291286184272021e-05 1.895888185625018146e-06
1.199999999999999956e+00 8.362799981564781465e-04 4.180310304445080706e-03 1.232083395234994695e-02 5.845860924958079996e-04 -6.240594624325642153e-05 6.615126077269708029e-05 8.442152291858501690e-05
1.399999999999999911e+00 5.215029110213989126e-04 4.173004682056562394e-03 1.391926842335274722e-02 7.666237368723538472e-04 6.846575153880877619e-07 2.058783001423567926e-04 1.807300977899700093e-04
1.600000000000000089e+00 3.355489285548632827e-04 3.807218764535068301e-03 1.531470702146858938e-02 9.037061145600434149e-04 9.025830902093991560e-05 3.644156462954872204e-04 2.744546821527211219e-04
1.800000000000000044e+00 2.212056458945670589e-04 3.129572315028262761e-03 1.649348822141343332e-02 9.858657256194838184e-04 1.823323022343783682e-04 5.178634082370597424e-04 3.522903263211664350e-04
2.000000000000000000e+00 1.487157039807163877e-04 2.196237853600331233e-03 1.747675195739607432e-02 1.014828295644275508e-03 2.624296552201250141e-04 6.483877943930262382e-04 4.082009957461565377e-04
2.200000000000000178e+00 1.016331822007809324e-04 1.060130742115546806e-03 1.829358735192974580e-02 9.990208918513989247e-04 3.268107688016584807e-04 7.439852260642488765e-04 4.381796973572776302e-04
2.399999999999999911e+00 7.043685012195040275e-05 -2.291352802251520233e-04 1.897112899339740630e-02 9.453262488566188193e-04 3.749704521967450245e-04 8.026752079341719238e-04 4.442835515193350451e-04
2.600000000000000089e+00 4.941386594414846179e-05 -1.622104187923080606e-03 1.953343440837848610e-02 8.584883001323702616e-04 4.067148841364738544e-04 8.242668733350059151e-04 4.301619062225532468e-04
2.799999999999999822e+00 3.503914183542405594e-05 -3.079281829463799847e-03 1.999615861534243325e-02 7.458238430168004146e-04 4.233475442378054543e-04 8.130828894192209094e-04 3.986698400396648237e-04
3.000000000000000000e+00 2.508484902341668135e-05 -4.568130863022433139e-03 2.037316401658153392e-02 6.156621362562345956e-04 4.307361449415112440e-04 7.751378450101966506e-04 3.557347265680817065e-04
3.200000000000000178e+00 1.811390643215637832e-05 -6.060811288350023696e-03 2.067281214566137060e-02 4.732731703593026943e-04 4.299173226056168459e-04 7.176284253376970235e-04 3.031074276796164361e-04
3.399999999999999911e+00 1.318293968111596460e-05 -7.536664376027481065e-03 2.090298842182690756e-02 3.220516020222507461e-04 4.228595021048865699e-04 6.453231160153235970e-04 2.433995470963757897e-04
3.600000000000000089e+00 9.663184149175628118e-06 -8.976651662919969341e-03 2.107150948657076153e-02 1.667015464674516682e-04 4.124775328204817611e-04 5.606230314308527146e-04 1.786940165574305505e-04
3.799999999999999822e+00 7.129960434772341338e-06 -1.036663984901365146e-02 2.118397648556293034e-02 1.071650374284911414e-05 4.001288425618635151e-04 4.657834348164137188e-04 1.114291084477129340e-04
4.000000000000000000e+00 5.292939283763368174e-06 -1.169619956839618863e-02 2.124567560854912981e-02 -1.421600039661267511e-04 3.864513846565288007e-04 3.647109011912952228e-04 4.393786525285253068e-05
4.200000000000000178e+00 3.932429267377278007e-06 nan nan nan nan nan nan
4.400000000000000355e+00 2.923987977242333360e-06 nan nan nan nan nan nan
4.600000000000000533e+00 2.175892096437493699e-06 nan nan nan nan nan nan
4.800000000000000711e+00 1.620476331815707334e-06 nan nan nan nan nan nan
5.000000000000000888e+00 1.207780582986364758e-06 nan nan nan nan nan nan
5.200000000000001066e+00 9.008860020028330788e-07 nan nan nan nan nan nan
5.400000000000001243e+00 6.724879156465424877e-07 nan nan nan nan nan nan
5.600000000000001421e+00 5.023753878168689637e-07 nan nan nan nan nan nan
5.800000000000001599e+00 3.755759588037467387e-07 nan nan nan nan nan nan
6.000000000000001776e+00 2.809888384936226878e-07 nan nan nan nan nan nan
6.200000000000001954e+00 2.103770959621054492e-07 nan nan nan nan nan nan
6.400000000000002132e+00 1.576239272635814156e-07 nan nan nan nan nan nan
6.600000000000002309e+00 1.181833460368819367e-07 nan nan nan nan nan nan
6.800000000000002487e+00 8.867413595115512460e-08 nan nan nan nan nan nan
7.000000000000002665e+00 6.657945546142964148e-08 nan nan nan nan nan nan
7.200000000000002842e+00 5.002442366136489121e-08 nan nan nan nan nan nan
7.400000000000003020e+00 3.761131089743937301e-08 nan nan nan nan nan nan
7.600000000000003197e+00 2.829731697058662242e-08 nan nan nan nan nan nan
7.800000000000003375e+00 2.130386020171890628e-08 nan nan nan nan nan nan
8.000000000000003553e+00 1.604920039344646440e-08 nan nan nan nan nan nan
8.200000000000002842e+00 1.209835442011749143e-08 nan nan nan nan nan nan
8.400000000000003908e+00 9.125837447471094222e-09 nan nan nan nan nan nan
8.600000000000004974e+00 6.887924164178613556e-09 nan nan nan nan nan nan
8.800000000000004263e+00 5.201981888366317673e-09 nan nan nan nan nan nan
9.000000000000003553e+00 3.931061026921283915e-09 nan nan nan nan nan nan
9.200000000000004619e+00 2.972396935332793670e-09 nan nan nan nan nan nan
9.400000000000005684e+00 2.248824017967102537e-09 nan nan nan nan nan nan
9.600000000000004974e+00 1.702359774917840113e-09 nan nan nan nan nan nan
9.800000000000004263e+00 1.289406909554154493e-09 nan nan nan nan nan nan
1.000000000000000533e+01 9.771628649580001192e-10 nan nan nan nan nan nan
1.020000000000000639e+01 7.409310275927236599e-10 nan nan nan nan nan nan
1.040000000000000568e+01 5.621057540996018543e-10 nan nan nan nan nan nan
1.060000000000000497e+01 4.266613131317164976e-10 nan nan nan nan nan nan
1.080000000000000604e+01 3.240179452364829034e-10 nan nan nan nan nan nan
1.100000000000000711e+01 2.461903474322848774e-10 nan nan nan nan nan nan
1.120000000000000639e+01 1.871478135282468116e-10 nan nan nan nan nan nan
1.140000000000000568e+01 1.423331033841310983e-10 nan nan nan nan nan nan
1.160000000000000675e+01 1.083004301742560970e-10 nan nan nan nan nan nan
1.180000000000000782e+01 8.244289972874825370e-11 nan nan nan nan nan nan
1.200000000000000711e+01 6.278716880888273499e-11 nan nan nan nan nan nan
1.220000000000000639e+01 4.783864828396672402e-11 nan nan nan nan nan nan
1.240000000000000568e+01 3.646473785119829628e-11 nan nan nan nan nan nan
1.260000000000000853e+01 2.780669512671021516e-11 nan nan nan nan nan nan
1.280000000000000782e+01 2.121307744494150102e-11 nan nan nan nan nan nan
1.300000000000000711e+01 1.618944630217815854e-11 nan nan nan nan nan nan
1.320000000000000639e+01 1.236033893710884092e-11 nan nan nan nan nan nan
1.340000000000000924e+01 9.440498758170612712e-12 nan nan nan nan nan nan
1.360000000000000853e+01 7.213098202396737450e-12 nan nan nan nan nan nan
1.380000000000000782e+01 5.513245476916894914e-12 nan nan nan nan nan nan
1.400000000000000711e+01 4.215486400639191485e-12 nan nan nan nan nan nan
1.420000000000000995e+01 3.224328616209383880e-12 nan nan nan nan nan nan
1.440000000000000924e+01 2.467053554504854397e-12 nan nan nan nan nan nan
1.460000000000000853e+01 1.888261036496467214e-12 nan nan nan nan nan nan
1.480000000000000782e+01 1.445726798621765346e-12 nan nan nan nan nan nan
1.500000000000001066e+01 1.107255423904851092e-12 nan nan nan nan nan nan
1.520000000000000995e+01 8.482883404032986974e-13 nan nan nan nan nan nan
1.540000000000000924e+01 6.500848688082223031e-13 nan nan nan nan nan nan
1.560000000000000853e+01 4.983383955947710499e-13 nan nan nan nan nan nan
1.580000000000001137e+01 3.821231056924423183e-13 nan nan nan nan nan nan
1.600000000000001066e+01 2.930919575926933983e-13 nan nan nan nan nan nan
1.620000000000000995e+01 2.248657055619184360e-13 nan nan nan nan nan nan
1.640000000000000924e+01 1.725672627971089233e-13 nan nan nan nan nan nan
1.660000000000001208e+01 1.324666840243745209e-13 nan nan nan nan nan nan
1.680000000000001137e+01 1.017103781187591070e-13 nan nan nan nan nan nan
1.700000000000001066e+01 7.811448455746396518e-14 nan nan nan nan nan nan
1.720000000000000995e+01 6.000714861419512000e-14 nan nan nan nan nan nan
1.740000000000001279e+01 4.610807734406693856e-14 nan nan nan nan nan nan
1.760000000000001208e+01 3.543653027334323031e-14 nan nan nan nan nan nan
1.780000000000001137e+01 2.724100633913013683e-14 nan nan nan nan nan nan
1.800000000000001066e+01 2.094549192901596301e-14 nan nan nan nan nan nan
1.820000000000001350e+01 1.610835507553724328e-14 nan nan nan nan nan nan
1.840000000000001279e+01 1.239089991342756145e-14 nan nan nan nan nan nan
1.860000000000001208e+01 9.533303185232011029e-15 nan nan nan nan nan nan
1.880000000000001137e+01 7.336193860091712074e-15 nan nan nan nan nan nan
1.900000000000001421e+01 5.646548053067145408e-15 nan nan nan nan nan nan
1.920000000000001350e+01 4.346884980731057945e-15 nan nan nan nan nan nan
1.940000000000001279e+01 3.346988915407824303e-15 nan nan nan nan nan nan
1.960000000000001208e+01 2.577564692814551149e-15 nan nan nan nan nan nan
1.980000000000001492e+01 1.985373746263270682e-15 nan nan nan nan nan nan
