2.000000000000000111e-01 6.563034126416128267e+00 nan nan nan nan nan nan
4.000000000000000222e-01 1.162676522305025495e+00 nan nan nan nan nan nan
5.999999999999999778e-01 3.484838594591108674e-01 nan nan nan nan nan nan
8.000000000000000444e-01 1.294059504077371969e-01 nan nan nan nan nan nan
1.000000000000000000e+00 5.387633866782755299e-02 nan nan nan nan nan nan
1.199999999999999956e+00 2.412266102088095679e-02 nan nan nan nan nan nan
1.399999999999999911e+00 1.138163572970455999e-02 nan nan nan nan nan nan
1.600000000000000089e+00 5.593456276839743092e-03 nan nan nan nan nan nan
1.800000000000000044e+00 2.841620188429497696e-03 nan nan nan nan nan nan
2.000000000000000000e+00 1.484465662542070602e-03 nan nan nan nan nan nan
2.200000000000000178e+00 7.944100225432987761e-04 nan nan nan nan nan nan
2.399999999999999911e+00 4.342888782159916414e-04 nan nan nan nan nan nan
2.600000000000000089e+00 2.420247764777479834e-04 nan nan nan nan nan nan
2.799999999999999822e+00 1.372723387543207875e-04 nan nan nan nan nan nan
3.000000000000000000e+00 7.913923372874533124e-05 nan nan nan nan nan nan
3.200000000000000178e+00 4.632771646161828300e-05 nan nan nan nan nan nan
3.399999999999999911e+00 2.751511641381696447e-05 nan nan nan nan nan nan
3.600000000000000089e+00 1.656894866723043226e-05 nan nan nan nan nan nan
3.799999999999999822e+00 1.011073844335282505e-05 nan nan nan nan nan nan
4.000000000000000000e+00 6.249590803720305854e-06 nan nan nan nan nan nan
4.200000000000000178e+00 3.866830946051490498e-06 nan nan nan nan nan nan
4.400000000000000355e+00 2.395057491464218748e-06 nan nan nan nan nan nan
4.600000000000000533e+00 1.485107051417000075e-06 nan nan nan nan nan nan
4.800000000000000711e+00 9.219477223048733252e-07 nan nan nan nan nan nan
5.000000000000000888e+00 5.730454413397944058e-07 nan nan nan nan nan nan
5.200000000000001066e+00 3.566444951446398716e-07 nan nan nan nan nan nan
5.400000000000001243e+00 2.222681303505012118e-07 nan nan nan nan nan nan
5.600000000000001421e+00 1.387227581863971040e-07 nan nan nan nan nan nan
5.800000000000001599e+00 8.671274117120974108e-08 nan nan nan nan nan nan
6.000000000000001776e+00 5.429012901878578441e-08 nan nan nan nan nan nan
6.200000000000001954e+00 3.404880956665687382e-08 nan nan nan nan nan nan
6.400000000000002132e+00 2.139285220556682056e-08 nan nan nan nan nan nan
6.600000000000002309e+00 1.346684799930172914e-08 nan nan nan nan nan nan
6.800000000000002487e+00 8.494555581127071878e-09 nan nan nan nan nan nan
7.000000000000002665e+00 5.369597144021873139e-09 nan nan nan nan nan nan
7.200000000000002842e+00 3.401885967299189294e-09 nan nan nan nan nan nan
7.400000000000003020e+00 2.160364202730803480e-09 nan nan nan nan nan nan
7.600000000000003197e+00 1.375360938437277094e-09 nan nan nan nan nan nan
7.800000000000003375e+00 8.778957516239655716e-10 nan nan nan nan nan nan
8.000000000000003553e+00 5.619013198573912503e-10 nan nan nan nan nan nan
8.200000000000002842e+00 3.606799200289224164e-10 nan nan nan nan nan nan
8.400000000000003908e+00 2.322104061869599893e-10 nan nan nan nan nan nan
8.600000000000004974e+00 1.499652080487805983e-10 nan nan nan nan nan nan
8.800000000000004263e+00 9.716220832824162841e-11 nan nan nan nan nan nan
9.000000000000003553e+00 6.316085156847881452e-11 nan nan nan nan nan nan
9.200000000000004619e+00 4.119875106664108236e-11 nan nan nan nan nan nan
9.400000000000005684e+00 2.696761882118032498e-11 nan nan nan nan nan nan
9.600000000000004974e+00 1.771557206071943940e-11 nan nan nan nan nan nan
9.800000000000004263e+00 1.168011868015689613e-11 nan nan nan nan nan nan
1.000000000000000533e+01 7.729255517269124321e-12 nan nan nan nan nan nan
1.020000000000000639e+01 5.133791301391990301e-12 nan nan nan nan nan nan
1.040000000000000568e+01 3.422578259998437756e-12 nan nan nan nan nan nan
1.060000000000000497e+01 2.290236215069624838e-12 nan nan nan nan nan nan
1.080000000000000604e+01 1.538185088033265452e-12 nan nan nan nan nan nan
1.100000000000000711e+01 1.036861878482613302e-12 nan nan nan nan nan nan
1.120000000000000639e+01 7.014439634337456015e-13 nan nan nan nan nan nan
1.140000000000000568e+01 4.762053805296044533e-13 nan nan nan nan nan nan
1.160000000000000675e+01 3.244058258477015390e-13 nan nan nan nan nan nan
1.180000000000000782e+01 2.217352895203868066e-13 nan nan nan nan nan nan
1.200000000000000711e+01 1.520503297945608768e-13 nan nan nan nan nan nan
1.220000000000000639e+01 1.045917384453764800e-13 nan nan nan nan nan nan
1.240000000000000568e+01 7.216278315342172298e-14 nan nan nan nan nan nan
1.260000000000000853e+01 4.993229704737712878e-14 nan nan nan nan nan nan
1.280000000000000782e+01 3.464555374700341088e-14 nan nan nan nan nan nan
1.300000000000000711e+01 2.410215944091954879e-14 nan nan nan nan nan nan
1.320000000000000639e+01 1.680938288424651446e-14 nan nan nan nan nan nan
1.340000000000000924e+01 1.175115202342018345e-14 nan nan nan nan nan nan
1.360000000000000853e+01 8.233576762052065217e-15 nan nan nan nan nan nan
1.380000000000000782e+01 5.781280608320100812e-15 nan nan nan nan nan nan
1.400000000000000711e+01 4.067585710809376296e-15 nan nan nan nan nan nan
1.420000000000000995e+01 2.867333677207398988e-15 nan nan nan nan nan nan
1.440000000000000924e+01 2.024894775490276246e-15 nan nan nan nan nan nan
1.460000000000000853e+01 1.432403838873642374e-15 nan nan nan nan nan nan
1.480000000000000782e+01 1.014905684829803996e-15 nan nan nan nan nan nan
1.500000000000001066e+01 7.201845780158809768e-16 nan nan nan nan nan nan
1.520000000000000995e+01 5.117795398732842764e-16 nan nan nan nan nan nan
1.540000000000000924e+01 3.641734779727320210e-16 nan nan nan nan nan nan
1.560000000000000853e+01 2.594702274874388812e-16 nan nan nan nan nan nan
1.580000000000001137e+01 1.850931039989553059e-16 nan nan nan nan nan nan
1.600000000000001066e+01 1.321868130591287745e-16 nan nan nan nan nan nan
1.620000000000000995e+01 9.450501393815709824e-17 nan nan nan nan nan nan
1.640000000000000924e+01 6.763412282744650932e-17 nan nan nan nan nan nan
1.660000000000001208e+01 4.845051051011902840e-17 nan nan nan nan nan nan
1.680000000000001137e+01 3.474010631643873843e-17 nan nan nan nan nan nan
1.700000000000001066e+01 2.493127752359995746e-17 nan nan nan nan nan nan
1.720000000000000995e+01 1.790689328116977605e-17 nan nan nan nan nan nan
1.740000000000001279e+01 1.287185984546755931e-17 nan nan nan nan nan nan
1.760000000000001208e+01 9.259593784650215278e-18 nan nan nan nan nan nan
1.780000000000001137e+01 6.665879999481980929e-18 nan nan nan nan nan nan
1.800000000000001066e+01 4.802024285897424076e-18 nan nan nan nan nan nan
1.820000000000001350e+01 3.461623656679283808e-18 nan nan nan nan nan nan
1.840000000000001279e+01 2.496963501919246184e-18 nan nan nan nan nan nan
1.860000000000001208e+01 1.802230771175216421e-18 nan nan nan nan nan nan
1.880000000000001137e+01 1.301560100050655405e-18 nan nan nan nan nan nan
1.900000000000001421e+01 9.405115044746256036e-19 nan nan nan nan nan nan
1.920000000000001350e+01 6.799878041064870554e-19 nan nan nan nan nan nan
1.940000000000001279e+01 4.918887632158573895e-19 nan nan nan nan nan nan
1.960000000000001208e+01 3.560029657138128192e-19 nan nan nan nan nan nan
1.980000000000001492e+01 2.577827906269946443e-19 nan nan nan nan nan nan
