2.000000000000000111e-01 nan nan nan nan nan nan nan
4.000000000000000222e-01 nan nan nan nan nan nan nan
5.999999999999999778e-01 3.316283906326172870e-01 2.697582281197235393e-02 8.951097228634313785e-02 2.555776853723972994e-02 1.353177517994130080e-02 4.790502129516372755e-03 2.043777183008653898e-03
8.000000000000000444e-01 1.475503720303961985e-01 2.073661480249555655e-02 9.324605049472585450e-02 2.919936010866383547e-02 1.631089011913095660e-02 5.933656260866740362e-03 2.532393852694050755e-03
1.000000000000000000e+00 6.685708479693242001e-02 1.611378947590516586e-02 1.050501500746158640e-01 3.556018675665005568e-02 2.132029001934064583e-02 8.176081489843925812e-03 3.582399968937908640e-03
1.199999999999999956e+00 3.422818335361573622e-02 9.675542047007355123e-03 1.088587259231127841e-01 3.934195336763746803e-02 2.520191596530312397e-02 1.032922708949222945e-02 4.769731477815862541e-03
1.399999999999999911e+00 1.827997100819894055e-02 3.316680586530410414e-03 1.117815276337733310e-01 4.244376399138270750e-02 2.873275022239316079e-02 1.252648019363284890e-02 6.115824095665943656e-03
1.600000000000000089e+00 1.021361359044665844e-02 -2.926652508457804579e-03 1.125140224302346170e-01 4.435431125587366297e-02 3.135869027839117973e-02 1.441297476793832258e-02 7.371829308770306080e-03
1.800000000000000044e+00 5.950936177330798903e-03 -8.840585906456224080e-03 1.110078263349800476e-01 4.504363823635795100e-02 3.294347610350175509e-02 1.582987779597062883e-02 8.393100915370731163e-03
2.000000000000000000e+00 3.607590133840848489e-03 -1.422127875624942459e-02 1.073664313806143716e-01 4.457013204906018489e-02 3.348507549269556793e-02 1.671344138017639633e-02 9.110039347215260347e-03
2.200000000000000178e+00 2.301322889802917288e-03 -1.857865554637621458e-02 1.003664699627992152e-01 4.247400426887214947e-02 3.261394439961618624e-02 1.683693992310745027e-02 9.379159849074935121e-03
2.399999999999999911e+00 1.499835899462589623e-03 -2.235197612125567820e-02 9.355726335885289346e-02 4.019327397147985648e-02 3.143910913991167927e-02 1.672046250082093871e-02 9.485316045395875140e-03
2.600000000000000089e+00 9.989643795011964988e-04 -2.556117666465198418e-02 8.678284602833154227e-02 3.772858105513583055e-02 2.998894095421389405e-02 1.638217622757544983e-02 9.440718951191081482e-03
2.799999999999999822e+00 6.793244301437662306e-04 -2.822540941517890506e-02 8.007246950319207857e-02 3.514117136222793397e-02 2.833098940950054892e-02 1.586128856206657153e-02 9.269136164457425844e-03
3.000000000000000000e+00 4.707160306543572916e-04 -3.039268597564358937e-02 7.355448014043652893e-02 3.252583243229790338e-02 2.655737177538521065e-02 1.521251003892311500e-02 9.003750483814238273e-03
3.200000000000000178e+00 3.358616160354287389e-04 -3.167626155546700989e-02 6.646950806624027375e-02 2.959898422421026673e-02 2.444315220932583368e-02 1.431454606046594566e-02 8.571354290647375737e-03
3.399999999999999911e+00 2.431181016153334019e-04 -3.257859308548582272e-02 5.996658227388025619e-02 2.686568090582788434e-02 2.241675627321356584e-02 1.340907334264025870e-02 8.116701479810610118e-03
3.600000000000000089e+00 1.784996328917237696e-04 -3.311534343773081535e-02 5.397205236060965972e-02 2.431733722230023514e-02 2.048349303586108339e-02 1.250694093451891649e-02 7.648089250929927287e-03
3.799999999999999822e+00 1.328301735117194378e-04 -3.332025019329015042e-02 4.846135019410185291e-02 2.195943654216621008e-02 1.865892240833536345e-02 1.162352831234129275e-02 7.175718515390092783e-03
4.000000000000000000e+00 1.001221532712451436e-04 -3.322628558627804818e-02 4.340705030940715525e-02 1.979154513092335615e-02 1.695219825215925347e-02 1.076955348794920997e-02 6.708046448065918196e-03
4.200000000000000178e+00 7.687590809053194074e-05 nan nan nan nan nan nan
4.400000000000000355e+00 5.942325350967775144e-05 nan nan nan nan nan nan
4.600000000000000533e+00 4.627915958218548748e-05 nan nan nan nan nan nan
4.800000000000000711e+00 3.633600925826434736e-05 nan nan nan nan nan nan
5.000000000000000888e+00 2.877562724011754357e-05 nan nan nan nan nan nan
5.200000000000001066e+00 2.316652770853414254e-05 nan nan nan nan nan nan
5.400000000000001243e+00 1.879746989981412761e-05 nan nan nan nan nan nan
5.600000000000001421e+00 1.537299406857235552e-05 nan nan nan nan nan nan
5.800000000000001599e+00 1.266906255607540169e-05 nan nan nan nan nan nan
6.000000000000001776e+00 1.051726769862636266e-05 nan nan nan nan nan nan
6.200000000000001954e+00 8.857143326744510741e-06 nan nan nan nan nan nan
6.400000000000002132e+00 7.502590805845385004e-06 nan nan nan nan nan nan
6.600000000000002309e+00 6.391212349137616289e-06 nan nan nan nan nan nan
6.800000000000002487e+00 5.473897942586511619e-06 nan nan nan nan nan nan
7.000000000000002665e+00 4.711966524184831122e-06 nan nan nan nan nan nan
7.200000000000002842e+00 4.096499662571534971e-06 nan nan nan nan nan nan
7.400000000000003020e+00 3.574787085390626725e-06 nan nan nan nan nan nan
7.600000000000003197e+00 3.131188131094880414e-06 nan nan nan nan nan nan
7.800000000000003375e+00 2.752470793833638121e-06 nan nan nan nan nan nan
8.000000000000003553e+00 2.427289604331962818e-06 nan nan nan nan nan nan
8.200000000000002842e+00 2.156891891461956910e-06 nan nan nan nan nan nan
8.400000000000003908e+00 1.919762352406470400e-06 nan nan nan nan nan nan
8.600000000000004974e+00 1.713273664309974399e-06 nan nan nan nan nan nan
8.800000000000004263e+00 1.533215889725036410e-06 nan nan nan nan nan nan
9.000000000000003553e+00 1.373700224696044498e-06 nan nan nan nan nan nan
9.200000000000004619e+00 1.238108740630036866e-06 nan nan nan nan nan nan
9.400000000000005684e+00 1.117426726614462532e-06 nan nan nan nan nan nan
9.600000000000004974e+00 1.010030164308885611e-06 nan nan nan nan nan nan
9.800000000000004263e+00 9.143470496512881536e-07 nan nan nan nan nan nan
1.000000000000000533e+01 8.288394721201241408e-07 nan nan nan nan nan nan
1.020000000000000639e+01 7.548169432012515411e-07 nan nan nan nan nan nan
1.040000000000000568e+01 6.880972361590416125e-07 nan nan nan nan nan nan
1.060000000000000497e+01 6.279391021327748712e-07 nan nan nan nan nan nan
1.080000000000000604e+01 5.736701889039911168e-07 nan nan nan nan nan nan
1.100000000000000711e+01 5.246836689680194030e-07 nan nan nan nan nan nan
1.120000000000000639e+01 4.816948797577842992e-07 nan nan nan nan nan nan
1.140000000000000568e+01 4.425761522862247156e-07 nan nan nan nan nan nan
1.160000000000000675e+01 4.069717952200661978e-07 nan nan nan nan nan nan
1.180000000000000782e+01 3.745562298347423065e-07 nan nan nan nan nan nan
1.200000000000000711e+01 3.450333484284452343e-07 nan nan nan nan nan nan
1.220000000000000639e+01 3.187490293344765194e-07 nan nan nan nan nan nan
1.240000000000000568e+01 2.947320182414870890e-07 nan nan nan nan nan nan
1.260000000000000853e+01 2.727386801650664143e-07 nan nan nan nan nan nan
1.280000000000000782e+01 2.525682098264523289e-07 nan nan nan nan nan nan
1.300000000000000711e+01 2.340625081263921238e-07 nan nan nan nan nan nan
1.320000000000000639e+01 2.175042665486918219e-07 nan nan nan nan nan nan
1.340000000000000924e+01 2.022318760226755294e-07 nan nan nan nan nan nan
1.360000000000000853e+01 1.881442479394937566e-07 nan nan nan nan nan nan
1.380000000000000782e+01 1.751466597466729173e-07 nan nan nan nan nan nan
1.400000000000000711e+01 1.631507308688314754e-07 nan nan nan nan nan nan
1.420000000000000995e+01 1.523364765875621928e-07 nan nan nan nan nan nan
1.440000000000000924e+01 1.423079112087940724e-07 nan nan nan nan nan nan
1.460000000000000853e+01 1.330075000597064873e-07 nan nan nan nan nan nan
1.480000000000000782e+01 1.243811458135231100e-07 nan nan nan nan nan nan
1.500000000000001066e+01 1.163781837347846047e-07 nan nan nan nan nan nan
1.520000000000000995e+01 1.091163933946396699e-07 nan nan nan nan nan nan
1.540000000000000924e+01 1.023516702057988137e-07 nan nan nan nan nan nan
1.560000000000000853e+01 9.604969715041844260e-08 nan nan nan nan nan nan
1.580000000000001137e+01 9.017815372765724660e-08 nan nan nan nan nan nan
1.600000000000001066e+01 8.470671500226688902e-08 nan nan nan nan nan nan
1.620000000000000995e+01 7.971441494819243903e-08 nan nan nan nan nan nan
1.640000000000000924e+01 7.504459611706177798e-08 nan nan nan nan nan nan
1.660000000000001208e+01 7.066548536549129244e-08 nan nan nan nan nan nan
1.680000000000001137e+01 6.656302892550539568e-08 nan nan nan nan nan nan
1.700000000000001066e+01 6.274089221157769747e-08 nan nan nan nan nan nan
1.720000000000000995e+01 5.923559678485986743e-08 nan nan nan nan nan nan
1.740000000000001279e+01 5.594476340369992234e-08 nan nan nan nan nan nan
1.760000000000001208e+01 5.285432951295210204e-08 nan nan nan nan nan nan
1.780000000000001137e+01 4.995189485084044193e-08 nan nan nan nan nan nan
1.800000000000001066e+01 4.722672140929194862e-08 nan nan nan nan nan nan
1.820000000000001350e+01 4.471610631588885644e-08 nan nan nan nan nan nan
1.840000000000001279e+01 4.235207788566061664e-08 nan nan nan nan nan nan
1.860000000000001208e+01 4.012591085160321531e-08 nan nan nan nan nan nan
1.880000000000001137e+01 3.802927854462665911e-08 nan nan nan nan nan nan
1.900000000000001421e+01 3.605425288528997188e-08 nan nan nan nan nan nan
1.920000000000001350e+01 3.422753227290258418e-08 nan nan nan nan nan nan
1.940000000000001279e+01 3.250246785814682233e-08 nan nan nan nan nan nan
1.960000000000001208e+01 3.087323638713924448e-08 nan nan nan nan nan nan
1.980000000000001492e+01 2.933455947350023130e-08 nan nan nan nan nan nan
