2.000000000000000111e-01 nan nan nan nan nan nan nan
4.000000000000000222e-01 nan nan nan nan nan nan nan
5.999999999999999778e-01 1.831791429899260359e+00 1.253634889373881137e-02 7.049332477953264287e-02 2.093858850957818971e-02 1.089456622748450829e-02 3.494962062305575958e-03 1.298413287495158754e-03
8.000000000000000444e-01 8.110812550966580714e-01 9.850118601511709954e-03 7.401643688667849941e-02 2.409191818618103970e-02 1.317281118688217421e-02 4.312904555965006020e-03 1.589556004225373088e-03
1.000000000000000000e+00 3.745985208388780130e-01 8.466133142843756607e-03 8.368493179954036854e-02 2.937054790013878675e-02 1.720137965430448487e-02 5.908162514983613701e-03 2.218502051836964209e-03
1.199999999999999956e+00 1.924861805577813278e-01 6.088414566846391332e-03 8.744115474066821436e-02 3.283611147083885518e-02 2.053194874266181177e-02 7.518557853068767033e-03 2.959819290051386373e-03
1.399999999999999911e+00 1.031960410485966567e-01 3.718276503578760248e-03 9.043151763625238704e-02 3.579021862631012740e-02 2.365952130917287413e-02 9.205541482005750661e-03 3.828063417168513748e-03
1.600000000000000089e+00 5.768542026039737147e-02 1.291483070153468925e-03 9.161847149220515851e-02 3.778324743524594936e-02 2.611367434428272030e-02 1.070095968441545087e-02 4.667739030290867647e-03
1.800000000000000044e+00 3.349135782189002764e-02 -1.107663435419667169e-03 9.093842745405192329e-02 3.875441589606379300e-02 2.774872819834390408e-02 1.187207525383240578e-02 5.379668587796565538e-03
2.000000000000000000e+00 2.014546327163494605e-02 -3.382342225662272276e-03 8.846108337406563549e-02 3.872981687100712778e-02 2.853631592460131178e-02 1.265886913190877351e-02 5.910535974370431309e-03
2.200000000000000178e+00 1.265454772408894368e-02 -5.342859233879518333e-03 8.324244227312412037e-02 3.733502752982176959e-02 2.816838227461907623e-02 1.289553403989234480e-02 6.165784876437693796e-03
2.399999999999999911e+00 8.121851751429451025e-03 -7.050576729471986527e-03 7.799950182697561185e-02 3.566876228057002524e-02 2.747451857254697843e-02 1.292913964895568701e-02 6.309203051884405833e-03
2.600000000000000089e+00 5.325672845249572636e-03 -8.506555065634382323e-03 7.263970339330602655e-02 3.374079849161949057e-02 2.647574967234968268e-02 1.276912996908170957e-02 6.345797829558928738e-03
2.799999999999999822e+00 3.564681478843944630e-03 -9.712338724693960271e-03 6.721125644075062744e-02 3.160893530475437224e-02 2.522502139574049618e-02 1.243934921645268275e-02 6.287130065949992144e-03
3.000000000000000000e+00 2.431548803156122294e-03 -1.068343351447618300e-02 6.184059339728602278e-02 2.936157339082855894e-02 2.379948290279951945e-02 1.197711867778655966e-02 6.151244812575082897e-03
3.200000000000000178e+00 1.704524616964441137e-03 -1.127747825252322159e-02 5.594995298210232726e-02 2.677469703237816620e-02 2.201737922668084088e-02 1.129234790859647182e-02 5.889007895924423114e-03
3.399999999999999911e+00 1.213602819243600299e-03 -1.168514470684656713e-02 5.047184677043898421e-02 2.428381921139123947e-02 2.024305428341153026e-02 1.056656812787884307e-02 5.594063575692978345e-03
3.600000000000000089e+00 8.773245360544885225e-04 -1.192174485601282287e-02 4.537321334755105989e-02 2.190234472618489414e-02 1.849697863652159657e-02 9.815100615911884208e-03 5.274598670543535761e-03
3.799999999999999822e+00 6.434648353827235583e-04 -1.200905055259279125e-02 4.065442476901916236e-02 1.965307488884580553e-02 1.680708574333723143e-02 9.056940860922940012e-03 4.940481134190630001e-03
4.000000000000000000e+00 4.785042305499389334e-04 -1.196769771433247448e-02 3.630861052533524563e-02 1.755142630962254133e-02 1.519428786255467949e-02 8.307363522651016116e-03 4.600258235576710347e-03
4.200000000000000178e+00 3.618624974608185903e-04 nan nan nan nan nan nan
4.400000000000000355e+00 2.755942901909184321e-04 nan nan nan nan nan nan
4.600000000000000533e+00 2.115724605516027001e-04 nan nan nan nan nan nan
4.800000000000000711e+00 1.638413408557932625e-04 nan nan nan nan nan nan
5.000000000000000888e+00 1.280658210253293077e-04 nan nan nan nan nan nan
5.200000000000001066e+00 1.017946511379056330e-04 nan nan nan nan nan nan
5.400000000000001243e+00 8.164659380321929332e-05 nan nan nan nan nan nan
5.600000000000001421e+00 6.608503876813947079e-05 nan nan nan nan nan nan
5.800000000000001599e+00 5.396707392957972982e-05 nan nan nan nan nan nan
6.000000000000001776e+00 4.444765467425000876e-05 nan nan nan nan nan nan
6.200000000000001954e+00 3.717137875760547302e-05 nan nan nan nan nan nan
6.400000000000002132e+00 3.130382569667292201e-05 nan nan nan nan nan nan
6.600000000000002309e+00 2.653895811874242125e-05 nan nan nan nan nan nan
6.800000000000002487e+00 2.264111208309171148e-05 nan nan nan nan nan nan
7.000000000000002665e+00 1.942830473287704903e-05 nan nan nan nan nan nan
7.200000000000002842e+00 1.684769234086634553e-05 nan nan nan nan nan nan
7.400000000000003020e+00 1.467289592754382977e-05 nan nan nan nan nan nan
7.600000000000003197e+00 1.283246041505438591e-05 nan nan nan nan nan nan
7.800000000000003375e+00 1.126721852614901169e-05 nan nan nan nan nan nan
8.000000000000003553e+00 9.927378894577962672e-06 nan nan nan nan nan nan
8.200000000000002842e+00 8.815698213590057885e-06 nan nan nan nan nan nan
8.400000000000003908e+00 7.842779504227220699e-06 nan nan nan nan nan nan
8.600000000000004974e+00 6.996856812358416397e-06 nan nan nan nan nan nan
8.800000000000004263e+00 6.260055347934066763e-06 nan nan nan nan nan nan
9.000000000000003553e+00 5.607882695847721302e-06 nan nan nan nan nan nan
9.200000000000004619e+00 5.053851673975935627e-06 nan nan nan nan nan nan
9.400000000000005684e+00 4.560971058786705438e-06 nan nan nan nan nan nan
9.600000000000004974e+00 4.122490544063899662e-06 nan nan nan nan nan nan
9.800000000000004263e+00 3.731917373576873511e-06 nan nan nan nan nan nan
1.000000000000000533e+01 3.382927280571787584e-06 nan nan nan nan nan nan
1.020000000000000639e+01 3.080839120394382599e-06 nan nan nan nan nan nan
1.040000000000000568e+01 2.808564068194506913e-06 nan nan nan nan nan nan
1.060000000000000497e+01 2.563068121281717600e-06 nan nan nan nan nan nan
1.080000000000000604e+01 2.341602964912091757e-06 nan nan nan nan nan nan
1.100000000000000711e+01 2.141690350967751350e-06 nan nan nan nan nan nan
1.120000000000000639e+01 1.966251056957111271e-06 nan nan nan nan nan nan
1.140000000000000568e+01 1.806600232692757316e-06 nan nan nan nan nan nan
1.160000000000000675e+01 1.661287237603674298e-06 nan nan nan nan nan nan
1.180000000000000782e+01 1.528984391190798529e-06 nan nan nan nan nan nan
1.200000000000000711e+01 1.408484226629582120e-06 nan nan nan nan nan nan
1.220000000000000639e+01 1.301199970369307664e-06 nan nan nan nan nan nan
1.240000000000000568e+01 1.203167596744994866e-06 nan nan nan nan nan nan
1.260000000000000853e+01 1.113393349834256426e-06 nan nan nan nan nan nan
1.280000000000000782e+01 1.031058166380438324e-06 nan nan nan nan nan nan
1.300000000000000711e+01 9.555171916386346755e-07 nan nan nan nan nan nan
1.320000000000000639e+01 8.879249444335234933e-07 nan nan nan nan nan nan
1.340000000000000924e+01 8.255808258723615484e-07 nan nan nan nan nan nan
1.360000000000000853e+01 7.680724346028316113e-07 nan nan nan nan nan nan
1.380000000000000782e+01 7.150132960082067831e-07 nan nan nan nan nan nan
1.400000000000000711e+01 6.660427765862162680e-07 nan nan nan nan nan nan
1.420000000000000995e+01 6.218959059652703807e-07 nan nan nan nan nan nan
1.440000000000000924e+01 5.809562105569740303e-07 nan nan nan nan nan nan
1.460000000000000853e+01 5.429888890492699612e-07 nan nan nan nan nan nan
1.480000000000000782e+01 5.077731543003722359e-07 nan nan nan nan nan nan
1.500000000000001066e+01 4.751022181399740059e-07 nan nan nan nan nan nan
1.520000000000000995e+01 4.454569402773644165e-07 nan nan nan nan nan nan
1.540000000000000924e+01 4.178408121889254798e-07 nan nan nan nan nan nan
1.560000000000000853e+01 3.921137579580808246e-07 nan nan nan nan nan nan
1.580000000000001137e+01 3.681438473588768931e-07 nan nan nan nan nan nan
1.600000000000001066e+01 3.458072931458989617e-07 nan nan nan nan nan nan
1.620000000000000995e+01 3.254267532308529505e-07 nan nan nan nan nan nan
1.640000000000000924e+01 3.063626941562598210e-07 nan nan nan nan nan nan
1.660000000000001208e+01 2.884854098757727554e-07 nan nan nan nan nan nan
1.680000000000001137e+01 2.717375308820064183e-07 nan nan nan nan nan nan
1.700000000000001066e+01 2.561340237207063872e-07 nan nan nan nan nan nan
1.720000000000000995e+01 2.418239865262842655e-07 nan nan nan nan nan nan
1.740000000000001279e+01 2.283894667627225873e-07 nan nan nan nan nan nan
1.760000000000001208e+01 2.157730564951918992e-07 nan nan nan nan nan nan
1.780000000000001137e+01 2.039241336549257949e-07 nan nan nan nan nan nan
1.800000000000001066e+01 1.927988619515558635e-07 nan nan nan nan nan nan
1.820000000000001350e+01 1.825495040848929813e-07 nan nan nan nan nan nan
1.840000000000001279e+01 1.728985720873143014e-07 nan nan nan nan nan nan
1.860000000000001208e+01 1.638104461154340328e-07 nan nan nan nan nan nan
1.880000000000001137e+01 1.552511334954555354e-07 nan nan nan nan nan nan
1.900000000000001421e+01 1.471882687072305037e-07 nan nan nan nan nan nan
1.920000000000001350e+01 1.397308457030344768e-07 nan nan nan nan nan nan
1.940000000000001279e+01 1.326884248026954638e-07 nan nan nan nan nan nan
1.960000000000001208e+01 1.260372331570952869e-07 nan nan nan nan nan nan
1.980000000000001492e+01 1.197557222735066751e-07 nan nan nan nan nan nan
