2.000000000000000111e-01 nan nan nan nan nan nan nan
4.000000000000000222e-01 nan nan nan nan nan nan nan
5.999999999999999778e-01 2.109399813636039234e+00 2.595702481234558878e-02 1.010489898775045609e-01 3.057711884387299961e-02 1.632045072802298241e-02 6.370258102168729376e-03 2.476107696711978001e-03
8.000000000000000444e-01 8.587219919797891565e-01 2.516906380884988137e-02 1.192017606804457869e-01 3.883885152365523785e-02 2.172825770185458916e-02 8.569469281810229364e-03 3.310472737870786674e-03
1.000000000000000000e+00 3.954849525157244083e-01 2.214952612866697215e-02 1.354315236129544076e-01 4.742177285738461562e-02 2.833348344681489370e-02 1.168098161948342636e-02 4.560417309621695239e-03
1.199999999999999956e+00 1.965277718739219248e-01 1.723162641635523143e-02 1.491106567349087253e-01 5.555981155716817332e-02 3.549112937422355118e-02 1.553938595836632484e-02 6.340573474059681656e-03
1.399999999999999911e+00 1.028842031781324051e-01 1.099885256462056725e-02 1.601239864282487657e-01 6.278077582070960838e-02 4.251532189229897257e-02 1.970996297573546913e-02 8.511480567169271705e-03
1.600000000000000089e+00 5.599811283286009606e-02 4.003664343196973972e-03 1.687446779351320369e-01 6.892807830089665855e-02 4.897276922271980026e-02 2.382206190496427914e-02 1.084339160583445635e-02
1.800000000000000044e+00 3.143654668782706885e-02 -3.406089254589856740e-03 1.754118691157434962e-01 7.406596085799983797e-02 5.472864075019377023e-02 2.768874302844277421e-02 1.316964118766669745e-02
2.000000000000000000e+00 1.810610216110527040e-02 -1.107624463677076357e-02 1.805417418253330575e-01 7.833790031217612027e-02 5.981684017451968649e-02 3.125543791537582078e-02 1.541246661322390188e-02
2.200000000000000178e+00 1.065830844487416530e-02 -1.895847459020559567e-02 1.844604187483911695e-01 8.188167800476094105e-02 6.431960056262724101e-02 3.453189667401430907e-02 1.755190227832817071e-02
2.399999999999999911e+00 6.394055044805256778e-03 -2.702734001133022188e-02 1.873995707144416600e-01 8.479818471814228042e-02 6.830162208656671841e-02 3.753622707317293139e-02 1.958631614240826171e-02
2.600000000000000089e+00 3.900530044124363160e-03 -3.524499561625460409e-02 1.895226935684392044e-01 8.715798846753257390e-02 7.180046778604742830e-02 4.027822584494173547e-02 2.151210287032089344e-02
2.799999999999999822e+00 2.415314028155607189e-03 -4.355793927704747215e-02 1.909524243415330336e-01 8.900938498730245896e-02 7.483518208305951769e-02 4.275879372685108259e-02 2.331902095703731678e-02
3.000000000000000000e+00 1.516102370483356741e-03 -5.190511543090649271e-02 1.917854764059885031e-01 9.038988312261984903e-02 7.741544081648968345e-02 4.497514420923619943e-02 2.499374117550505828e-02
3.200000000000000178e+00 9.636310992574951845e-04 -6.022342970271568618e-02 1.921028403056133371e-01 9.133186328189868419e-02 7.954957734120059187e-02 4.692256374155569926e-02 2.652518938850410846e-02
3.399999999999999911e+00 6.196341513420403372e-04 -6.845276437858009710e-02 1.919741331025097975e-01 9.186475551799631878e-02 8.124506407140123787e-02 4.859983823027509003e-02 2.790461177520237729e-02
3.600000000000000089e+00 4.027994233206093778e-04 -7.653726747589537083e-02 1.914599886323939681e-01 9.201762325700324485e-02 8.251230431893187556e-02 5.000789580625546876e-02 2.912843529827688002e-02
3.799999999999999822e+00 2.645541879262495555e-04 -8.442701898065589627e-02 1.906138209180650300e-01 9.181837919559317218e-02 8.336393017074689160e-02 5.114982301369432743e-02 3.019560272734415907e-02
4.000000000000000000e+00 1.754699171846248358e-04 -9.207647688045782208e-02 1.894829328589051343e-01 9.129506933022338289e-02 8.381494706755687751e-02 5.203012326194207671e-02 3.110638719506043579e-02
4.200000000000000178e+00 1.164131274961532545e-04 nan nan nan nan nan nan
4.400000000000000355e+00 7.725288429394861162e-05 nan nan nan nan nan nan
4.600000000000000533e+00 5.127943596343746452e-05 nan nan nan nan nan nan
4.800000000000000711e+00 3.404787621357148778e-05 nan nan nan nan nan nan
5.000000000000000888e+00 2.261297298886625468e-05 nan nan nan nan nan nan
5.200000000000001066e+00 1.502273097257069383e-05 nan nan nan nan nan nan
5.400000000000001243e+00 9.983126964075521621e-06 nan nan nan nan nan nan
5.600000000000001421e+00 6.636113744023792909e-06 nan nan nan nan nan nan
5.800000000000001599e+00 4.412592017578424459e-06 nan nan nan nan nan nan
6.000000000000001776e+00 2.935011631448799357e-06 nan nan nan nan nan nan
6.200000000000001954e+00 1.952834863413551669e-06 nan nan nan nan nan nan
6.400000000000002132e+00 1.299764215097098487e-06 nan nan nan nan nan nan
6.600000000000002309e+00 8.653880620158212054e-07 nan nan nan nan nan nan
6.800000000000002487e+00 5.763795788783211082e-07 nan nan nan nan nan nan
7.000000000000002665e+00 3.840271415135339838e-07 nan nan nan nan nan nan
7.200000000000002842e+00 2.559619369315884931e-07 nan nan nan nan nan nan
7.400000000000003020e+00 1.706686202093980349e-07 nan nan nan nan nan nan
7.600000000000003197e+00 1.138417808133259368e-07 nan nan nan nan nan nan
7.800000000000003375e+00 7.596691653457842212e-08 nan nan nan nan nan nan
8.000000000000003553e+00 5.071395059699372869e-08 nan nan nan nan nan nan
8.200000000000002842e+00 3.387006550051127462e-08 nan nan nan nan nan nan
8.400000000000003908e+00 2.263059713513406132e-08 nan nan nan nan nan nan
8.600000000000004974e+00 1.512771451054477422e-08 nan nan nan nan nan nan
8.800000000000004263e+00 1.011705499672128422e-08 nan nan nan nan nan nan
9.000000000000003553e+00 6.769315363832170156e-09 nan nan nan nan nan nan
9.200000000000004619e+00 4.531602327459489060e-09 nan nan nan nan nan nan
9.400000000000005684e+00 3.035162868206520496e-09 nan nan nan nan nan nan
9.600000000000004974e+00 2.033959589285405605e-09 nan nan nan nan nan nan
9.800000000000004263e+00 1.363766044982406899e-09 nan nan nan nan nan nan
1.000000000000000533e+01 9.149175314474697456e-10 nan nan nan nan nan nan
1.020000000000000639e+01 6.141521724118541901e-10 nan nan nan nan nan nan
1.040000000000000568e+01 4.125053478192394086e-10 nan nan nan nan nan nan
1.060000000000000497e+01 2.772365107321162397e-10 nan nan nan nan nan nan
1.080000000000000604e+01 1.864431015227760837e-10 nan nan nan nan nan nan
1.100000000000000711e+01 1.254657393911484147e-10 nan nan nan nan nan nan
1.120000000000000639e+01 8.448796646233611070e-11 nan nan nan nan nan nan
1.140000000000000568e+01 5.693291335625142466e-11 nan nan nan nan nan nan
1.160000000000000675e+01 3.839182634020769890e-11 nan nan nan nan nan nan
1.180000000000000782e+01 2.590770192590400649e-11 nan nan nan nan nan nan
1.200000000000000711e+01 1.749611586517518046e-11 nan nan nan nan nan nan
1.220000000000000639e+01 1.182455541473385297e-11 nan nan nan nan nan nan
1.240000000000000568e+01 7.997717716319485745e-12 nan nan nan nan nan nan
1.260000000000000853e+01 5.413683795208922417e-12 nan nan nan nan nan nan
1.280000000000000782e+01 3.667520473403359239e-12 nan nan nan nan nan nan
1.300000000000000711e+01 2.486635299071370318e-12 nan nan nan nan nan nan
1.320000000000000639e+01 1.687400932260528943e-12 nan nan nan nan nan nan
1.340000000000000924e+01 1.146034132153625022e-12 nan nan nan nan nan nan
1.360000000000000853e+01 7.790332079725587896e-13 nan nan nan nan nan nan
1.380000000000000782e+01 5.300284901276861833e-13 nan nan nan nan nan nan
1.400000000000000711e+01 3.609379285116951632e-13 nan nan nan nan nan nan
1.420000000000000995e+01 2.460144737348090143e-13 nan nan nan nan nan nan
1.440000000000000924e+01 1.678370693560357326e-13 nan nan nan nan nan nan
1.460000000000000853e+01 1.146087918126009486e-13 nan nan nan nan nan nan
1.480000000000000782e+01 7.833465964325745873e-14 nan nan nan nan nan nan
1.500000000000001066e+01 5.359182424799186308e-14 nan nan nan nan nan nan
1.520000000000000995e+01 3.669894986099121370e-14 nan nan nan nan nan nan
1.540000000000000924e+01 2.515478368471732414e-14 nan nan nan nan nan nan
1.560000000000000853e+01 1.725838235826042738e-14 nan nan nan nan nan nan
1.580000000000001137e+01 1.185201473819155986e-14 nan nan nan nan nan nan
1.600000000000001066e+01 8.146972867178916066e-15 nan nan nan nan nan nan
1.620000000000000995e+01 5.605457814723852707e-15 nan nan nan nan nan nan
1.640000000000000924e+01 3.860421548121110265e-15 nan nan nan nan nan nan
1.660000000000001208e+01 2.661121176824254969e-15 nan nan nan nan nan nan
1.680000000000001137e+01 1.836105688902180694e-15 nan nan nan nan nan nan
1.700000000000001066e+01 1.268031454619026678e-15 nan nan nan nan nan nan
1.720000000000000995e+01 8.765109311257716123e-16 nan nan nan nan nan nan
1.740000000000001279e+01 6.064216238680811422e-16 nan nan nan nan nan nan
1.760000000000001208e+01 4.199297029060289821e-16 nan nan nan nan nan nan
1.780000000000001137e+01 2.910429765325292499e-16 nan nan nan nan nan nan
1.800000000000001066e+01 2.018876893314305563e-16 nan nan nan nan nan nan
1.820000000000001350e+01 1.401612229301188606e-16 nan nan nan nan nan nan
1.840000000000001279e+01 9.738767385786412240e-17 nan nan nan nan nan nan
1.860000000000001208e+01 6.772212436071665624e-17 nan nan nan nan nan nan
1.880000000000001137e+01 4.713024472998505337e-17 nan nan nan nan nan nan
1.900000000000001421e+01 3.282488083654591284e-17 nan nan nan nan nan nan
1.920000000000001350e+01 2.287876226709605860e-17 nan nan nan nan nan nan
1.940000000000001279e+01 1.595802578231191398e-17 nan nan nan nan nan nan
1.960000000000001208e+01 1.113869403253467498e-17 nan nan nan nan nan nan
1.980000000000001492e+01 7.780167477486036966e-18 nan nan nan nan nan nan
