2.000000000000000111e-01 5.164805919630866687e-02 1.672624616573800856e-03 7.893654445844413420e-03 9.130975618850795637e-04 4.058630634247004825e-05 -1.195805702054983986e-05 -1.021821888687354758e-05
4.000000000000000222e-01 1.229224808751202755e-02 1.178870851023698825e-03 7.116237517939640912e-03 8.871245570746763044e-04 4.713109382407622083e-05 -1.260904754768606164e-05 -1.442408916390960101e-05
5.999999999999999778e-01 4.959905165393793842e-03 1.253345638696879132e-03 6.472428822306849905e-03 6.870790848333198928e-04 1.960662082177017367e-05 -2.303945447445860317e-05 -1.267276595713838326e-05
8.000000000000000444e-01 2.432874405693396212e-03 1.812611289812589939e-03 6.912906326485641385e-03 6.595757623966807528e-04 -3.296919201884528367e-06 -1.508109654243128617e-05 1.973802246745153466e-06
1.000000000000000000e+00 1.309144547959396106e-03 2.349287197026622264e-03 8.035603519901136568e-03 8.418678770139309282e-04 -1.498648204137103089e-05 1.221217434183658197e-05 1.389284977284291120e-05
1.199999999999999956e+00 7.428956750160012465e-04 2.561807287129940630e-03 9.373051022878614233e-03 1.133289339021016770e-03 3.964863959709421602e-06 3.295897826836647243e-05 1.929119149230005306e-05
1.399999999999999911e+00 4.367806649075260672e-04 2.369439132451130452e-03 1.065077922066725094e-02 1.423155092426519729e-03 5.046683961483049559e-05 3.650215995035428242e-05 2.969332426784584625e-05
1.600000000000000089e+00 2.637091650378103414e-04 1.794218485048537128e-03 1.179353180203001825e-02 1.662209778553470386e-03 1.155400902805023343e-04 2.702337869432413781e-05 4.787273063930883222e-05
1.800000000000000044e+00 1.626388066710727370e-04 9.086019056539512305e-04 1.277973256072429710e-02 1.827760240659217486e-03 1.858769887625873164e-04 6.385673118810579838e-06 6.738367708489245451e-05
2.000000000000000000e+00 1.021125470084733352e-04 -2.116576564125685568e-04 1.360748051944406928e-02 1.919378568555741345e-03 2.540894743801079352e-04 -2.150802532337721279e-05 8.483446754962033871e-05
2.200000000000000178e+00 6.511390369570077541e-05 -1.502194970596347316e-03 1.428827185947352356e-02 1.949753278613312142e-03 3.146589992388880257e-04 -5.352440124162268875e-05 9.982001512269900818e-05
2.399999999999999911e+00 4.209692796340196624e-05 -2.904741490460566004e-03 1.483856696372891359e-02 1.932014217237159812e-03 3.619425740621194806e-04 -8.692878818288964711e-05 1.100311585637679548e-04
2.600000000000000089e+00 2.755438980864396216e-05 -4.360427449487305068e-03 1.526500587194350514e-02 1.875631601248650693e-03 3.981351568972069598e-04 -1.196358172265773328e-04 1.158279100872504889e-04
2.799999999999999822e+00 1.823882577363845445e-05 -5.822680764176200834e-03 1.557199833591198582e-02 1.789656755062483170e-03 4.239689146539998279e-04 -1.515740031519757195e-04 1.157588943489504599e-04
3.000000000000000000e+00 1.219726039546048067e-05 -7.255149797938808577e-03 1.576644847255619791e-02 1.683941196734952545e-03 4.421291587556866920e-04 -1.796858069295689114e-04 1.104499561786126323e-04
3.200000000000000178e+00 8.234718726108037007e-06 -8.632319623514666390e-03 1.585588211829905975e-02 1.566884986633242929e-03 4.536791091249602796e-04 -2.045272077691788167e-04 9.896600649975680183e-05
3.399999999999999911e+00 5.608773951840921223e-06 -9.933920303611310301e-03 1.584688946583676442e-02 1.444146236095225503e-03 4.592675856878544629e-04 -2.261882252395018241e-04 8.040313277619068626e-05
3.600000000000000089e+00 3.851842228222748901e-06 -1.114473985415736189e-02 1.574821473637560629e-02 1.319326689692228681e-03 4.604839828937484628e-04 -2.443101219604390593e-04 5.703269350215488487e-05
3.799999999999999822e+00 2.665812890899452767e-06 -1.225599547041649265e-02 1.556747328502930579e-02 1.192423750254073458e-03 4.567579915482902699e-04 -2.582814414284933841e-04 2.818964288355108565e-05
4.000000000000000000e+00 1.858469201712386107e-06 -1.326216101284539289e-02 1.531104514748147724e-02 1.065764593453670398e-03 4.494496078897019945e-04 -2.685791085172519518e-04 -4.148404019271881724e-06
4.200000000000000178e+00 1.296617754191330163e-06 nan nan nan nan nan nan
4.400000000000000355e+00 9.053325605815375538e-07 nan nan nan nan nan nan
4.600000000000000533e+00 6.326344770222536818e-07 nan nan nan nan nan nan
4.800000000000000711e+00 4.424409620064376941e-07 nan nan nan nan nan nan
5.000000000000000888e+00 3.096884530793940018e-07 nan nan nan nan nan nan
5.200000000000001066e+00 2.169559626584718146e-07 nan nan nan nan nan nan
5.400000000000001243e+00 1.521265238185449129e-07 nan nan nan nan nan nan
5.600000000000001421e+00 1.067665282295828152e-07 nan nan nan nan nan nan
5.800000000000001599e+00 7.500191091664157550e-08 nan nan nan nan nan nan
6.000000000000001776e+00 5.273839112776872059e-08 nan nan nan nan nan nan
6.200000000000001954e+00 3.712010124593812716e-08 nan nan nan nan nan nan
6.400000000000002132e+00 2.615348544371882989e-08 nan nan nan nan nan nan
6.600000000000002309e+00 1.844584499710596512e-08 nan nan nan nan nan nan
6.800000000000002487e+00 1.302346184743336050e-08 nan nan nan nan nan nan
7.000000000000002665e+00 9.204993283783722858e-09 nan nan nan nan nan nan
7.200000000000002842e+00 6.513279726045342454e-09 nan nan nan nan nan nan
7.400000000000003020e+00 4.613866833016927101e-09 nan nan nan nan nan nan
7.600000000000003197e+00 3.272118476308077362e-09 nan nan nan nan nan nan
7.800000000000003375e+00 2.323276223647256848e-09 nan nan nan nan nan nan
8.000000000000003553e+00 1.651540988047020506e-09 nan nan nan nan nan nan
8.200000000000002842e+00 1.175446574064340909e-09 nan nan nan nan nan nan
8.400000000000003908e+00 8.376243210059111409e-10 nan nan nan nan nan nan
8.600000000000004974e+00 5.976346010855103082e-10 nan nan nan nan nan nan
8.800000000000004263e+00 4.269419518383066794e-10 nan nan nan nan nan nan
9.000000000000003553e+00 3.053897347939426665e-10 nan nan nan nan nan nan
9.200000000000004619e+00 2.187246080596877950e-10 nan nan nan nan nan nan
9.400000000000005684e+00 1.568565868046773404e-10 nan nan nan nan nan nan
9.600000000000004974e+00 1.126349617607196916e-10 nan nan nan nan nan nan
9.800000000000004263e+00 8.098630116508325256e-11 nan nan nan nan nan nan
1.000000000000000533e+01 5.830683078888939677e-11 nan nan nan nan nan nan
1.020000000000000639e+01 4.203369037502697163e-11 nan nan nan nan nan nan
1.040000000000000568e+01 3.034209382863550867e-11 nan nan nan nan nan nan
1.060000000000000497e+01 2.193119407077114969e-11 nan nan nan nan nan nan
1.080000000000000604e+01 1.587250639589282705e-11 nan nan nan nan nan nan
1.100000000000000711e+01 1.150249581973704995e-11 nan nan nan nan nan nan
1.120000000000000639e+01 8.346375030368952465e-12 nan nan nan nan nan nan
1.140000000000000568e+01 6.063982266885034545e-12 nan nan nan nan nan nan
1.160000000000000675e+01 4.411296589647343951e-12 nan nan nan nan nan nan
1.180000000000000782e+01 3.213040084871179885e-12 nan nan nan nan nan nan
1.200000000000000711e+01 2.343149588051000769e-12 nan nan nan nan nan nan
1.220000000000000639e+01 1.710840612764879710e-12 nan nan nan nan nan nan
1.240000000000000568e+01 1.250649827171166372e-12 nan nan nan nan nan nan
1.260000000000000853e+01 9.153114034730503454e-13 nan nan nan nan nan nan
1.280000000000000782e+01 6.706543280386304587e-13 nan nan nan nan nan nan
1.300000000000000711e+01 4.919427029480109829e-13 nan nan nan nan nan nan
1.320000000000000639e+01 3.612476305244743981e-13 nan nan nan nan nan nan
1.340000000000000924e+01 2.655574857301192915e-13 nan nan nan nan nan nan
1.360000000000000853e+01 1.954173760898262733e-13 nan nan nan nan nan nan
1.380000000000000782e+01 1.439483389135070032e-13 nan nan nan nan nan nan
1.400000000000000711e+01 1.061393788976036528e-13 nan nan nan nan nan nan
1.420000000000000995e+01 7.833579114970858789e-14 nan nan nan nan nan nan
1.440000000000000924e+01 5.786887557622996523e-14 nan nan nan nan nan nan
1.460000000000000853e+01 4.278763095470727706e-14 nan nan nan nan nan nan
1.480000000000000782e+01 3.166409684659019617e-14 nan nan nan nan nan nan
1.500000000000001066e+01 2.345195054135525307e-14 nan nan nan nan nan nan
1.520000000000000995e+01 1.738366189821389683e-14 nan nan nan nan nan nan
1.540000000000000924e+01 1.289560032478544392e-14 nan nan nan nan nan nan
1.560000000000000853e+01 9.573430803563587330e-15 nan nan nan nan nan nan
1.580000000000001137e+01 7.112255042775547370e-15 nan nan nan nan nan nan
1.600000000000001066e+01 5.287481884394157329e-15 nan nan nan nan nan nan
1.620000000000000995e+01 3.933514328897819619e-15 nan nan nan nan nan nan
1.640000000000000924e+01 2.928138054244858405e-15 nan nan nan nan nan nan
1.660000000000001208e+01 2.181073556917295971e-15 nan nan nan nan nan nan
1.680000000000001137e+01 1.625572386811770796e-15 nan nan nan nan nan nan
1.700000000000001066e+01 1.212241507685542725e-15 nan nan nan nan nan nan
1.720000000000000995e+01 9.045003575555753886e-16 nan nan nan nan nan nan
1.740000000000001279e+01 6.752356087187554924e-16 nan nan nan nan nan nan
1.760000000000001208e+01 5.043354635914973882e-16 nan nan nan nan nan nan
1.780000000000001137e+01 3.768705154614499593e-16 nan nan nan nan nan nan
1.800000000000001066e+01 2.817503959345579143e-16 nan nan nan nan nan nan
1.820000000000001350e+01 2.107308855063592029e-16 nan nan nan nan nan nan
1.840000000000001279e+01 1.576794228465781608e-16 nan nan nan nan nan nan
1.860000000000001208e+01 1.180313112804326539e-16 nan nan nan nan nan nan
1.880000000000001137e+01 8.838678669485900655e-17 nan nan nan nan nan nan
1.900000000000001421e+01 6.621222637830976805e-17 nan nan nan nan nan nan
1.920000000000001350e+01 4.961841631444376173e-17 nan nan nan nan nan nan
1.940000000000001279e+01 3.719588434114576378e-17 nan nan nan nan nan nan
1.960000000000001208e+01 2.789252721152236435e-17 nan nan nan nan nan nan
1.980000000000001492e+01 2.092260750121856061e-17 nan nan nan nan nan nan
