2.000000000000000111e-01 4.792897539902336579e-01 4.975827121888466015e-02 5.618862862282237441e-02 1.026511502755041508e-02 3.829238291440279895e-03 8.559779210955382285e-04 1.605859020499410446e-04
4.000000000000000222e-01 1.126342784672885455e-01 3.932009349912496399e-02 6.324311105519700438e-02 1.344258870247389687e-02 6.797365091902867786e-03 2.042902019497387731e-03 6.276339796669255441e-04
5.999999999999999778e-01 4.561983037761725701e-02 2.963807874000742512e-02 6.189883210911649447e-02 1.428846442869857389e-02 7.759360545963361194e-03 2.425755816589343378e-03 7.855651901342552415e-04
8.000000000000000444e-01 1.992845061652995589e-02 2.382052758258738911e-02 6.592807228523785146e-02 1.675947612856794333e-02 9.839032551037392091e-03 3.190661500164961549e-03 1.034064221009275888e-03
1.000000000000000000e+00 8.549667764086997176e-03 1.973285645160336582e-02 7.618608624524482453e-02 2.103886729171837097e-02 1.344315634619563417e-02 4.634105275377741785e-03 1.546340719816578519e-03
1.199999999999999956e+00 4.359231070802803594e-03 1.270677144043080506e-02 7.747027211637871891e-02 2.275650413940207006e-02 1.569313360877431368e-02 5.823247235637871340e-03 2.079905115683706920e-03
1.399999999999999911e+00 2.300101861440584372e-03 5.907119190059291827e-03 7.834548275764829928e-02 2.405302070075448356e-02 1.758423580924752330e-02 6.980145101670843719e-03 2.678534422760342135e-03
1.600000000000000089e+00 1.276735517926459078e-03 -8.396105641692370091e-04 7.737067676211697997e-02 2.452142802139372496e-02 1.871319360816203758e-02 7.881637674254130324e-03 3.215891610529869951e-03
1.800000000000000044e+00 7.443994736594833524e-04 -7.284026153453561359e-03 7.461074908022781449e-02 2.420013361307007602e-02 1.906002550618976499e-02 8.467640899080646974e-03 3.624748379394587914e-03
2.000000000000000000e+00 4.527828571873779794e-04 -1.321647748598739867e-02 7.061855012199899639e-02 2.328822001688945348e-02 1.878041947430807851e-02 8.777763113913567006e-03 3.893868463406391367e-03
2.200000000000000178e+00 2.935405916107441840e-04 -1.804556111785197287e-02 6.418002597392884201e-02 2.142349483881051536e-02 1.760098315480088799e-02 8.673283379234297125e-03 3.952293765877050967e-03
2.399999999999999911e+00 1.939277604719813280e-04 -2.227192085228630464e-02 5.840212726326847459e-02 1.964759125972412659e-02 1.637631071366926067e-02 8.511800051023562033e-03 3.950202801723629205e-03
2.600000000000000089e+00 1.308662898962681138e-04 -2.591890719013317454e-02 5.302809439822665089e-02 1.791969701110433105e-02 1.510902559181438211e-02 8.292261892374591312e-03 3.899232941723189752e-03
2.799999999999999822e+00 9.020906772491889714e-05 -2.899187199280833099e-02 4.798347747947321468e-02 1.624509431330108458e-02 1.383212213599878046e-02 8.024034109503540985e-03 3.814749561736047526e-03
3.000000000000000000e+00 6.338900972516282634e-05 -3.152913917054257081e-02 4.330411707681165040e-02 1.465827297291797879e-02 1.259573791717221239e-02 7.723528606250289023e-03 3.711646269683038356e-03
3.200000000000000178e+00 4.609387497322134565e-05 -3.304560601781847406e-02 3.838281409852712517e-02 1.297340941857035024e-02 1.124807235582190451e-02 7.305064105563413047e-03 3.555515334803800980e-03
3.399999999999999911e+00 3.391476277015571382e-05 -3.418824112716938729e-02 3.409743903336930060e-02 1.149167721093897684e-02 1.005259834203307487e-02 6.912023464952355908e-03 3.413360282440765052e-03
3.600000000000000089e+00 2.525521007829400553e-05 -3.496723926778004532e-02 3.032091226274411314e-02 1.017979831298077877e-02 8.982368443410564465e-03 6.537767183802150467e-03 3.284400040151580664e-03
3.799999999999999822e+00 1.902754096108538111e-05 -3.540800111375566606e-02 2.697348829546892049e-02 9.013656463495696783e-03 8.019683350734505348e-03 6.180917232999912081e-03 3.165749465633161189e-03
4.000000000000000000e+00 1.450383713940201549e-05 -3.552861587477765259e-02 2.398528350110185059e-02 7.971301349913861856e-03 7.148376751667699994e-03 5.839187121413564122e-03 3.054268279756676766e-03
4.200000000000000178e+00 1.129178343124307704e-05 nan nan nan nan nan nan
4.400000000000000355e+00 8.847157360728406073e-06 nan nan nan nan nan nan
4.600000000000000533e+00 6.981478544670111564e-06 nan nan nan nan nan nan
4.800000000000000711e+00 5.550900501422255764e-06 nan nan nan nan nan nan
5.000000000000000888e+00 4.447469721558282745e-06 nan nan nan nan nan nan
5.200000000000001066e+00 3.625736982583852582e-06 nan nan nan nan nan nan
5.400000000000001243e+00 2.972190114053324990e-06 nan nan nan nan nan nan
5.600000000000001421e+00 2.451903552444975153e-06 nan nan nan nan nan nan
5.800000000000001599e+00 2.036120154315143187e-06 nan nan nan nan nan nan
6.000000000000001776e+00 1.700692245588303777e-06 nan nan nan nan nan nan
6.200000000000001954e+00 1.439905789735025868e-06 nan nan nan nan nan nan
6.400000000000002132e+00 1.224590409732871472e-06 nan nan nan nan nan nan
6.600000000000002309e+00 1.046137073723162577e-06 nan nan nan nan nan nan
6.800000000000002487e+00 8.976258852721485891e-07 nan nan nan nan nan nan
7.000000000000002665e+00 7.735401272839182054e-07 nan nan nan nan nan nan
7.200000000000002842e+00 6.733597374214096261e-07 nan nan nan nan nan nan
7.400000000000003020e+00 5.878836157320851549e-07 nan nan nan nan nan nan
7.600000000000003197e+00 5.147732354013830051e-07 nan nan nan nan nan nan
7.800000000000003375e+00 4.520628646778023281e-07 nan nan nan nan nan nan
8.000000000000003553e+00 3.981057369974673751e-07 nan nan nan nan nan nan
8.200000000000002842e+00 3.532646006304925067e-07 nan nan nan nan nan nan
8.400000000000003908e+00 3.140660684571254537e-07 nan nan nan nan nan nan
8.600000000000004974e+00 2.797095519202821004e-07 nan nan nan nan nan nan
8.800000000000004263e+00 2.495636506562390123e-07 nan nan nan nan nan nan
9.000000000000003553e+00 2.231557748884323086e-07 nan nan nan nan nan nan
9.200000000000004619e+00 2.007142668220396440e-07 nan nan nan nan nan nan
9.400000000000005684e+00 1.807613097320171449e-07 nan nan nan nan nan nan
9.600000000000004974e+00 1.630117891818912791e-07 nan nan nan nan nan nan
9.800000000000004263e+00 1.472098280766903803e-07 nan nan nan nan nan nan
1.000000000000000533e+01 1.331267419405793834e-07 nan nan nan nan nan nan
1.020000000000000639e+01 1.209580059223017592e-07 nan nan nan nan nan nan
1.040000000000000568e+01 1.100089149100163667e-07 nan nan nan nan nan nan
1.060000000000000497e+01 1.001507490221128380e-07 nan nan nan nan nan nan
1.080000000000000604e+01 9.127063275026385247e-08 nan nan nan nan nan nan
1.100000000000000711e+01 8.327112402182811001e-08 nan nan nan nan nan nan
1.120000000000000639e+01 7.624240775930179703e-08 nan nan nan nan nan nan
1.140000000000000568e+01 6.987937015621919180e-08 nan nan nan nan nan nan
1.160000000000000675e+01 6.410691276360209916e-08 nan nan nan nan nan nan
1.180000000000000782e+01 5.886242716447260439e-08 nan nan nan nan nan nan
1.200000000000000711e+01 5.409571089187257887e-08 nan nan nan nan nan nan
1.220000000000000639e+01 4.988078952594716608e-08 nan nan nan nan nan nan
1.240000000000000568e+01 4.602384238329577420e-08 nan nan nan nan nan nan
1.260000000000000853e+01 4.249449562890715234e-08 nan nan nan nan nan nan
1.280000000000000782e+01 3.926437477765984394e-08 nan nan nan nan nan nan
1.300000000000000711e+01 3.630708720996230866e-08 nan nan nan nan nan nan
1.320000000000000639e+01 3.366811572648909554e-08 nan nan nan nan nan nan
1.340000000000000924e+01 3.123402055573699326e-08 nan nan nan nan nan nan
1.360000000000000853e+01 2.899473176392897267e-08 nan nan nan nan nan nan
1.380000000000000782e+01 2.693609719479082183e-08 nan nan nan nan nan nan
1.400000000000000711e+01 2.503987878051281488e-08 nan nan nan nan nan nan
1.420000000000000995e+01 2.332543494327851655e-08 nan nan nan nan nan nan
1.440000000000000924e+01 2.174540754662690028e-08 nan nan nan nan nan nan
1.460000000000000853e+01 2.028487865206619909e-08 nan nan nan nan nan nan
1.480000000000000782e+01 1.893246250106045605e-08 nan nan nan nan nan nan
1.500000000000001066e+01 1.768030472642728536e-08 nan nan nan nan nan nan
1.520000000000000995e+01 1.654690793572571357e-08 nan nan nan nan nan nan
1.540000000000000924e+01 1.549309419576636927e-08 nan nan nan nan nan nan
1.560000000000000853e+01 1.451297885640875851e-08 nan nan nan nan nan nan
1.580000000000001137e+01 1.360112238113113322e-08 nan nan nan nan nan nan
1.600000000000001066e+01 1.275253017645503599e-08 nan nan nan nan nan nan
1.620000000000000995e+01 1.197995990446216049e-08 nan nan nan nan nan nan
1.640000000000000924e+01 1.125846949162503757e-08 nan nan nan nan nan nan
1.660000000000001208e+01 1.058464095427764445e-08 nan nan nan nan nan nan
1.680000000000001137e+01 9.955265400391278634e-09 nan nan nan nan nan nan
1.700000000000001066e+01 9.367342992284915132e-09 nan nan nan nan nan nan
1.720000000000000995e+01 8.825889651623515146e-09 nan nan nan nan nan nan
1.740000000000001279e+01 8.320865755763991296e-09 nan nan nan nan nan nan
1.760000000000001208e+01 7.848316536339647557e-09 nan nan nan nan nan nan
1.780000000000001137e+01 7.405300720637380257e-09 nan nan nan nan nan nan
1.800000000000001066e+01 6.989890523367179700e-09 nan nan nan nan nan nan
1.820000000000001350e+01 6.607900510767935350e-09 nan nan nan nan nan nan
1.840000000000001279e+01 6.247573237958460888e-09 nan nan nan nan nan nan
1.860000000000001208e+01 5.909117600252759534e-09 nan nan nan nan nan nan
1.880000000000001137e+01 5.591591687710463743e-09 nan nan nan nan nan nan
1.900000000000001421e+01 5.292902783304337328e-09 nan nan nan nan nan nan
1.920000000000001350e+01 5.017117666641982033e-09 nan nan nan nan nan nan
1.940000000000001279e+01 4.756979465407201000e-09 nan nan nan nan nan nan
1.960000000000001208e+01 4.511665452836294157e-09 nan nan nan nan nan nan
1.980000000000001492e+01 4.280112045071209010e-09 nan nan nan nan nan nan
