2.000000000000000111e-01 nan nan nan nan nan nan nan
4.000000000000000222e-01 nan nan nan nan nan nan nan
5.999999999999999778e-01 1.273072819233916908e+00 2.717791273205905772e-02 1.192302502985008589e-01 3.529883261416093265e-02 1.937176390939461881e-02 7.000517314584997312e-03 2.911429489458188056e-03
8.000000000000000444e-01 5.152760090670985837e-01 2.563954213236181029e-02 1.411470608949015049e-01 4.516510810429925221e-02 2.603334707006206214e-02 9.542644808887241342e-03 3.939489808425932979e-03
1.000000000000000000e+00 2.362090625684853118e-01 2.163793575509267986e-02 1.603757724398138795e-01 5.529277279160173947e-02 3.405451117197307725e-02 1.305128990291701957e-02 5.484500680044319260e-03
1.199999999999999956e+00 1.169830748529009784e-01 1.568971144068434173e-02 1.763093643106105335e-01 6.477939641979857388e-02 4.256262662001839003e-02 1.731646493522416216e-02 7.663047767695565192e-03
1.399999999999999911e+00 6.110826834168273103e-02 8.447902741659053805e-03 1.889467611896561428e-01 7.310922432837024809e-02 5.070239148328203882e-02 2.185881962723516814e-02 1.025448412443735573e-02
1.600000000000000089e+00 3.322280382191683534e-02 4.626873181509645952e-04 1.986834178026805620e-01 8.013744253155022368e-02 5.798412897250725812e-02 2.626744156000537789e-02 1.294831148129295569e-02
1.800000000000000044e+00 1.864717737919707394e-02 -7.944894298725415152e-03 2.060592070815543964e-01 8.595559882832931597e-02 6.428210844314449779e-02 3.033001032953576773e-02 1.553942150686874954e-02
2.000000000000000000e+00 1.074683821300823246e-02 -1.664010978512776850e-02 2.115744211745492209e-01 9.073766095853676161e-02 6.965797751470184651e-02 3.398789323446416155e-02 1.794341558145363599e-02
2.200000000000000178e+00 6.335083664542207754e-03 -2.558446737902031476e-02 2.156237684007057120e-01 9.465153356393685158e-02 7.422755999698756046e-02 3.725826727224617468e-02 2.014841041205162053e-02
2.399999999999999911e+00 3.808496557577888998e-03 -3.475653315292040468e-02 2.184943779976297462e-01 9.782468444662993645e-02 7.808969599297960196e-02 4.017437586539984729e-02 2.216242924755403368e-02
2.600000000000000089e+00 2.329674545674917472e-03 -4.412273614668284216e-02 2.203913852704492971e-01 1.003459883252194457e-01 8.131446539247455529e-02 4.275869764233808379e-02 2.398938049666616418e-02
2.799999999999999822e+00 1.447434524134501039e-03 -5.363223388335523756e-02 2.214685124346919554e-01 1.022795319357775595e-01 8.395162075066603391e-02 4.502411640046730112e-02 2.562671830901100400e-02
3.000000000000000000e+00 9.121082483060510837e-04 -6.322583661672813438e-02 2.218482021244846669e-01 1.036765663173853241e-01 8.604211509453074669e-02 4.698019449652224289e-02 2.707038492893987236e-02
3.200000000000000178e+00 5.822939325218276637e-04 -7.284316597593096243e-02 2.216337255498236625e-01 1.045830367017328011e-01 8.762505253595556654e-02 4.863702272773034324e-02 2.831938427486431140e-02
3.399999999999999911e+00 3.762574353278256125e-04 -8.242473558930384081e-02 2.209143631452969436e-01 1.050436981555402521e-01 8.873855748556662426e-02 5.000796833379463069e-02 2.937627446225804170e-02
3.600000000000000089e+00 2.458932282341759284e-04 -9.191330226317463714e-02 2.197690142618352882e-01 1.051010489346350524e-01 8.942272276692489474e-02 5.110970454421887715e-02 3.024778585642132200e-02
3.799999999999999822e+00 1.624259829141616878e-04 -1.012535965488749051e-01 2.182666467112964748e-01 1.047963664415063195e-01 8.971774672037757803e-02 5.195934370210696790e-02 3.094326190579907779e-02
4.000000000000000000e+00 1.083896382686430930e-04 -1.103940209807467571e-01 2.164672284301863425e-01 1.041698664191457319e-01 8.966402109230715844e-02 5.257545460079179195e-02 3.147466739990506523e-02
4.200000000000000178e+00 7.235634673248721432e-05 nan nan nan nan nan nan
4.400000000000000355e+00 4.831972878353258885e-05 nan nan nan nan nan nan
4.600000000000000533e+00 3.228001995021350127e-05 nan nan nan nan nan nan
4.800000000000000711e+00 2.157282767991351114e-05 nan nan nan nan nan nan
5.000000000000000888e+00 1.442271154210778128e-05 nan nan nan nan nan nan
5.200000000000001066e+00 9.646193726730950018e-06 nan nan nan nan nan nan
5.400000000000001243e+00 6.454119197516315535e-06 nan nan nan nan nan nan
5.600000000000001421e+00 4.320089159208971181e-06 nan nan nan nan nan nan
5.800000000000001599e+00 2.892850656085459289e-06 nan nan nan nan nan nan
6.000000000000001776e+00 1.937937672047157262e-06 nan nan nan nan nan nan
6.200000000000001954e+00 1.298784381984338203e-06 nan nan nan nan nan nan
6.400000000000002132e+00 8.708047777776349618e-07 nan nan nan nan nan nan
6.600000000000002309e+00 5.841093139465870093e-07 nan nan nan nan nan nan
6.800000000000002487e+00 3.919766399823122392e-07 nan nan nan nan nan nan
7.000000000000002665e+00 2.631613840942454118e-07 nan nan nan nan nan nan
7.200000000000002842e+00 1.767597193030681658e-07 nan nan nan nan nan nan
7.400000000000003020e+00 1.187809783654387295e-07 nan nan nan nan nan nan
7.600000000000003197e+00 7.985760395658955381e-08 nan nan nan nan nan nan
7.800000000000003375e+00 5.371490357718358329e-08 nan nan nan nan nan nan
8.000000000000003553e+00 3.614813282170782967e-08 nan nan nan nan nan nan
8.200000000000002842e+00 2.433844932024234895e-08 nan nan nan nan nan nan
8.400000000000003908e+00 1.639529926672422797e-08 nan nan nan nan nan nan
8.600000000000004974e+00 1.105016231553644885e-08 nan nan nan nan nan nan
8.800000000000004263e+00 7.451510119447471644e-09 nan nan nan nan nan nan
9.000000000000003553e+00 5.027472770525878363e-09 nan nan nan nan nan nan
9.200000000000004619e+00 3.393816908041172057e-09 nan nan nan nan nan nan
9.400000000000005684e+00 2.292259511274463010e-09 nan nan nan nan nan nan
9.600000000000004974e+00 1.549099340929932071e-09 nan nan nan nan nan nan
9.800000000000004263e+00 1.047461943618764197e-09 nan nan nan nan nan nan
1.000000000000000533e+01 7.086700540424283548e-10 nan nan nan nan nan nan
1.020000000000000639e+01 4.797335035062711053e-10 nan nan nan nan nan nan
1.040000000000000568e+01 3.249446523896865846e-10 nan nan nan nan nan nan
1.060000000000000497e+01 2.202293928248894350e-10 nan nan nan nan nan nan
1.080000000000000604e+01 1.493484770808747148e-10 nan nan nan nan nan nan
1.100000000000000711e+01 1.013418766778806832e-10 nan nan nan nan nan nan
1.120000000000000639e+01 6.880858242529779573e-11 nan nan nan nan nan nan
1.140000000000000568e+01 4.674816738658826362e-11 nan nan nan nan nan nan
1.160000000000000675e+01 3.178026746778573702e-11 nan nan nan nan nan nan
1.180000000000000782e+01 2.161842344646334553e-11 nan nan nan nan nan nan
1.200000000000000711e+01 1.471520779625377151e-11 nan nan nan nan nan nan
1.220000000000000639e+01 1.002275079831855784e-11 nan nan nan nan nan nan
1.240000000000000568e+01 6.831053754820944928e-12 nan nan nan nan nan nan
1.260000000000000853e+01 4.658763086175348199e-12 nan nan nan nan nan nan
1.280000000000000782e+01 3.179343391956469072e-12 nan nan nan nan nan nan
1.300000000000000711e+01 2.171149296251448183e-12 nan nan nan nan nan nan
1.320000000000000639e+01 1.483640684053184149e-12 nan nan nan nan nan nan
1.340000000000000924e+01 1.014508591105054127e-12 nan nan nan nan nan nan
1.360000000000000853e+01 6.941792375798531615e-13 nan nan nan nan nan nan
1.380000000000000782e+01 4.753102058921966638e-13 nan nan nan nan nan nan
1.400000000000000711e+01 3.256662861415692955e-13 nan nan nan nan nan nan
1.420000000000000995e+01 2.232846648701066134e-13 nan nan nan nan nan nan
1.440000000000000924e+01 1.531917897677352620e-13 nan nan nan nan nan nan
1.460000000000000853e+01 1.051725531998201043e-13 nan nan nan nan nan nan
1.480000000000000782e+01 7.225356550106417966e-14 nan nan nan nan nan nan
1.500000000000001066e+01 4.967129266861557483e-14 nan nan nan nan nan nan
1.520000000000000995e+01 3.416961602249258351e-14 nan nan nan nan nan nan
1.540000000000000924e+01 2.352134246261695935e-14 nan nan nan nan nan nan
1.560000000000000853e+01 1.620205748341423585e-14 nan nan nan nan nan nan
1.580000000000001137e+01 1.116767459366976540e-14 nan nan nan nan nan nan
1.600000000000001066e+01 7.702613259500606228e-15 nan nan nan nan nan nan
1.620000000000000995e+01 5.316113198245620415e-15 nan nan nan nan nan nan
1.640000000000000924e+01 3.671376696111197276e-15 nan nan nan nan nan nan
1.660000000000001208e+01 2.537113431504574778e-15 nan nan nan nan nan nan
1.680000000000001137e+01 1.754383145088751336e-15 nan nan nan nan nan nan
1.700000000000001066e+01 1.213891461404446169e-15 nan nan nan nan nan nan
1.720000000000000995e+01 8.404331191121799076e-16 nan nan nan nan nan nan
1.740000000000001279e+01 5.822254999125679013e-16 nan nan nan nan nan nan
1.760000000000001208e+01 4.035903340021071813e-16 nan nan nan nan nan nan
1.780000000000001137e+01 2.799292716789044906e-16 nan nan nan nan nan nan
1.800000000000001066e+01 1.942720427830903300e-16 nan nan nan nan nan nan
1.820000000000001350e+01 1.349034361657073335e-16 nan nan nan nan nan nan
1.840000000000001279e+01 9.373085621312344242e-17 nan nan nan nan nan nan
1.860000000000001208e+01 6.516059883874786102e-17 nan nan nan nan nan nan
1.880000000000001137e+01 4.532380907349402839e-17 nan nan nan nan nan nan
1.900000000000001421e+01 3.154295952182605230e-17 nan nan nan nan nan nan
1.920000000000001350e+01 2.196387429130421441e-17 nan nan nan nan nan nan
1.940000000000001279e+01 1.530176877215491428e-17 nan nan nan nan nan nan
1.960000000000001208e+01 1.066586635269752984e-17 nan nan nan nan nan nan
1.980000000000001492e+01 7.438203399963912332e-18 nan nan nan nan nan nan
