2.000000000000000111e-01 nan nan nan nan nan nan nan
4.000000000000000222e-01 nan nan nan nan nan nan nan
5.999999999999999778e-01 4.720719607734028683e-02 3.936450812649452263e-03 6.548239487932308242e-03 3.482856519723473020e-04 3.811245497820994359e-05 -4.029545038887310111e-05 -1.207167405015228093e-05
8.000000000000000444e-01 2.565806820022665385e-02 4.482754788135552733e-03 7.097824072754247912e-03 2.614702245121810109e-04 -1.068929056088862813e-05 -4.523042498727739729e-05 -2.241932549073075284e-05
1.000000000000000000e+00 1.551081590573290606e-02 4.343571161956902814e-03 8.195180510577500244e-03 2.804271611704412274e-04 -1.858863242471993574e-05 -2.255446594355164336e-05 -2.023664464060804226e-05
1.199999999999999956e+00 9.947765346531614941e-03 3.267513215027854998e-03 9.486031153193234811e-03 3.687309812606668529e-04 4.070374783947079110e-06 1.568105343938794264e-05 1.449742173590489129e-05
1.399999999999999911e+00 6.610014110517237716e-03 1.184391122690577449e-03 1.072817311806016638e-02 4.798710586542084301e-04 2.451406346574559438e-05 3.643839464513620366e-05 5.790638930679248915e-05
1.600000000000000089e+00 4.493848124609943831e-03 -1.795915163287039847e-03 1.182922774322844178e-02 5.800863106710613072e-04 1.979059925514154030e-05 1.815365476805499845e-05 8.053650781372034384e-05
1.800000000000000044e+00 3.104286865447655318e-03 -5.409154490387267471e-03 1.276008868916485642e-02 6.578870682335996633e-04 -1.516907576149717850e-05 -4.366707113557012507e-05 7.275034205633111497e-05
2.000000000000000000e+00 2.170215168633204701e-03 -9.479144513748039014e-03 1.351671628304992358e-02 7.109333491849730013e-04 -7.258163927163911223e-05 -1.461504712641327269e-04 3.056044379505808807e-05
2.200000000000000178e+00 1.531829960640243094e-03 -1.386594850035436678e-02 1.411926460451931077e-02 7.430542563025929097e-04 -1.427681971979227174e-04 -2.762815376899065080e-04 -4.303085801257232714e-05
2.399999999999999911e+00 1.090042821505114636e-03 -1.841522431006965485e-02 1.458776197398242887e-02 7.579864532164609864e-04 -2.161193032845018915e-04 -4.213401450911961389e-04 -1.324747543565000553e-04
2.600000000000000089e+00 7.812354713206709923e-04 -2.297425711692079736e-02 1.493671798480643124e-02 7.565405810620880840e-04 -2.862392691281779493e-04 -5.727972054533368501e-04 -2.301717590344979768e-04
2.799999999999999822e+00 5.635552023574868672e-04 -2.745028644121914191e-02 1.517833664814014806e-02 7.407075819451122787e-04 -3.472900655567962556e-04 -7.272710722868615382e-04 -3.291988697308361801e-04
3.000000000000000000e+00 4.089739804252496961e-04 -3.178114011758096519e-02 1.532450378494295239e-02 7.115797329048401685e-04 -3.958740060145773975e-04 -8.808995299144281848e-04 -4.267353320031377364e-04
3.200000000000000178e+00 2.984665545633885357e-04 -3.592717291104711302e-02 1.538563654060845151e-02 6.709887995406998897e-04 -4.309116106986429361e-04 -1.029567748121886167e-03 -5.187961123214477948e-04
3.399999999999999911e+00 2.189789105135380907e-04 -3.987071281003769230e-02 1.537114162160912317e-02 6.215032095251206987e-04 -4.527814933890732230e-04 -1.170035053869801457e-03 -6.042199335595215947e-04
3.600000000000000089e+00 1.614733118726543060e-04 -4.360324204536335929e-02 1.528913036582654240e-02 5.650433636053567516e-04 -4.608457186750703925e-04 -1.302105368893423636e-03 -6.809154067580408054e-04
3.799999999999999822e+00 1.196435963433724081e-04 -4.712546929371178722e-02 1.514599734356603285e-02 5.024985430905495138e-04 -4.565836908711834387e-04 -1.425595623240183624e-03 -7.500817195328770637e-04
4.000000000000000000e+00 8.905862500106343611e-05 -5.043874631956024590e-02 1.494783400465321196e-02 4.339721942606556012e-04 -4.425791973922463935e-04 -1.541710853063125520e-03 -8.111008827700954497e-04
4.200000000000000178e+00 6.629771941835395604e-05 nan nan nan nan nan nan
4.400000000000000355e+00 4.935792370407031995e-05 nan nan nan nan nan nan
4.600000000000000533e+00 3.674942166757625258e-05 nan nan nan nan nan nan
4.800000000000000711e+00 2.736397230994018826e-05 nan nan nan nan nan nan
5.000000000000000888e+00 2.037710495638870160e-05 nan nan nan nan nan nan
5.200000000000001066e+00 1.517540372268702181e-05 nan nan nan nan nan nan
5.400000000000001243e+00 1.130243983693737882e-05 nan nan nan nan nan nan
5.600000000000001421e+00 8.418565630243360408e-06 nan nan nan nan nan nan
5.800000000000001599e+00 6.271013518383948904e-06 nan nan nan nan nan nan
6.000000000000001776e+00 4.671656662439896621e-06 nan nan nan nan nan nan
6.200000000000001954e+00 3.480466592642736974e-06 nan nan nan nan nan nan
6.400000000000002132e+00 2.593207310919471682e-06 nan nan nan nan nan nan
6.600000000000002309e+00 1.932280099506068758e-06 nan nan nan nan nan nan
6.800000000000002487e+00 1.439911755289959860e-06 nan nan nan nan nan nan
7.000000000000002665e+00 1.073085971909217638e-06 nan nan nan nan nan nan
7.200000000000002842e+00 7.997714717901380716e-07 nan nan nan nan nan nan
7.400000000000003020e+00 5.961148923837416261e-07 nan nan nan nan nan nan
7.600000000000003197e+00 4.443514914101957562e-07 nan nan nan nan nan nan
7.800000000000003375e+00 3.312499864910414178e-07 nan nan nan nan nan nan
8.000000000000003553e+00 2.469548817946406196e-07 nan nan nan nan nan nan
8.200000000000002842e+00 1.841246175318187181e-07 nan nan nan nan nan nan
8.400000000000003908e+00 1.372898987276280439e-07 nan nan nan nan nan nan
8.600000000000004974e+00 1.023759156034779000e-07 nan nan nan nan nan nan
8.800000000000004263e+00 7.634656743530032281e-08 nan nan nan nan nan nan
9.000000000000003553e+00 5.693951499710420602e-08 nan nan nan nan nan nan
9.200000000000004619e+00 4.246885803101873932e-08 nan nan nan nan nan nan
9.400000000000005684e+00 3.167816586326573530e-08 nan nan nan nan nan nan
9.600000000000004974e+00 2.363100357334034552e-08 nan nan nan nan nan nan
9.800000000000004263e+00 1.762938145846812775e-08 nan nan nan nan nan nan
1.000000000000000533e+01 1.315300084671279069e-08 nan nan nan nan nan nan
1.020000000000000639e+01 9.813989531996190838e-09 nan nan nan nan nan nan
1.040000000000000568e+01 7.323175132652686701e-09 nan nan nan nan nan nan
1.060000000000000497e+01 5.464953480635222625e-09 nan nan nan nan nan nan
1.080000000000000604e+01 4.078560253595569769e-09 nan nan nan nan nan nan
1.100000000000000711e+01 3.044113340325376184e-09 nan nan nan nan nan nan
1.120000000000000639e+01 2.272209904981919740e-09 nan nan nan nan nan nan
1.140000000000000568e+01 1.696172273712678507e-09 nan nan nan nan nan nan
1.160000000000000675e+01 1.266267766715039972e-09 nan nan nan nan nan nan
1.180000000000000782e+01 9.453996554579438095e-10 nan nan nan nan nan nan
1.200000000000000711e+01 7.058945885123831917e-10 nan nan nan nan nan nan
1.220000000000000639e+01 5.271073048030794620e-10 nan nan nan nan nan nan
1.240000000000000568e+01 3.936345826480573754e-10 nan nan nan nan nan nan
1.260000000000000853e+01 2.939833687275853087e-10 nan nan nan nan nan nan
1.280000000000000782e+01 2.195775190809755554e-10 nan nan nan nan nan nan
1.300000000000000711e+01 1.640170094855980506e-10 nan nan nan nan nan nan
1.320000000000000639e+01 1.225254010196148211e-10 nan nan nan nan nan nan
1.340000000000000924e+01 9.153768944826684697e-11 nan nan nan nan nan nan
1.360000000000000853e+01 6.839284796243189792e-11 nan nan nan nan nan nan
1.380000000000000782e+01 5.110445230609640969e-11 nan nan nan nan nan nan
1.400000000000000711e+01 3.818954559552236357e-11 nan nan nan nan nan nan
1.420000000000000995e+01 2.854094586608383302e-11 nan nan nan nan nan nan
1.440000000000000924e+01 2.133196124478412725e-11 nan nan nan nan nan nan
1.460000000000000853e+01 1.594528251907681846e-11 nan nan nan nan nan nan
1.480000000000000782e+01 1.191991435941048641e-11 nan nan nan nan nan nan
1.500000000000001066e+01 8.911566108900961732e-12 nan nan nan nan nan nan
1.520000000000000995e+01 6.663086199568468460e-12 nan nan nan nan nan nan
1.540000000000000924e+01 4.982391758444570893e-12 nan nan nan nan nan nan
1.560000000000000853e+01 3.725992020686889967e-12 nan nan nan nan nan nan
1.580000000000001137e+01 2.786686826777777843e-12 nan nan nan nan nan nan
1.600000000000001066e+01 2.084381540177255809e-12 nan nan nan nan nan nan
1.620000000000000995e+01 1.559228342078763224e-12 nan nan nan nan nan nan
1.640000000000000924e+01 1.166504277422338820e-12 nan nan nan nan nan nan
1.660000000000001208e+01 8.727859688423690287e-13 nan nan nan nan nan nan
1.680000000000001137e+01 6.530925054277549353e-13 nan nan nan nan nan nan
1.700000000000001066e+01 4.887512891676785589e-13 nan nan nan nan nan nan
1.720000000000000995e+01 3.658037726782600000e-13 nan nan nan nan nan nan
1.740000000000001279e+01 2.738144097607333859e-13 nan nan nan nan nan nan
1.760000000000001208e+01 2.049807659298743064e-13 nan nan nan nan nan nan
1.780000000000001137e+01 1.534685837649316468e-13 nan nan nan nan nan nan
1.800000000000001066e+01 1.149148945150868689e-13 nan nan nan nan nan nan
1.820000000000001350e+01 8.605667433908315803e-14 nan nan nan nan nan nan
1.840000000000001279e+01 6.445330070969480530e-14 nan nan nan nan nan nan
1.860000000000001208e+01 4.827909711893030032e-14 nan nan nan nan nan nan
1.880000000000001137e+01 3.616825281701924908e-14 nan nan nan nan nan nan
1.900000000000001421e+01 2.709888431127596031e-14 nan nan nan nan nan nan
1.920000000000001350e+01 2.030635145636134875e-14 nan nan nan nan nan nan
1.940000000000001279e+01 1.521844037356205918e-14 nan nan nan nan nan nan
1.960000000000001208e+01 1.140689254390999834e-14 nan nan nan nan nan nan
1.980000000000001492e+01 8.551154301159443439e-15 nan nan nan nan nan nan
