2.000000000000000111e-01 nan nan nan nan nan nan nan
4.000000000000000222e-01 nan nan nan nan nan nan nan
5.999999999999999778e-01 1.646013292486787183e+00 2.073199350347258024e-02 9.056007532479593003e-02 2.687400471595810178e-02 1.469811019047148788e-02 5.330036617594598528e-03 2.208000861547370665e-03
8.000000000000000444e-01 7.285365349235937149e-01 1.782596844955640358e-02 9.742332337657676200e-02 3.125788509388019443e-02 1.795066949960963387e-02 6.609682505934602777e-03 2.714531121385474217e-03
1.000000000000000000e+00 3.343137920965053023e-01 1.506127184955209468e-02 1.105209532326706240e-01 3.817542629121430803e-02 2.343947452211207413e-02 9.022742971351457864e-03 3.771604379689234062e-03
1.199999999999999956e+00 1.716043742199126754e-01 1.059446410136844971e-02 1.170353203045805673e-01 4.304381790198291008e-02 2.820947272355233196e-02 1.152820536864688182e-02 5.071689553235317685e-03
1.399999999999999911e+00 9.194789576303623313e-02 5.684720607758203016e-03 1.222626193503496411e-01 4.729786594870558081e-02 3.274280084999475759e-02 1.417706651634735235e-02 6.609770958020784286e-03
1.600000000000000089e+00 5.143263850156404998e-02 5.649940510532755174e-04 1.250314327311966289e-01 5.035043347716458562e-02 3.639512757300789048e-02 1.655657170810908088e-02 8.109514028351007264e-03
1.800000000000000044e+00 2.991753224415150472e-02 -4.481792373519927729e-03 1.252593791262016087e-01 5.208505764930752152e-02 3.894404505996667404e-02 1.845116589710286623e-02 9.391716956610811004e-03
2.000000000000000000e+00 1.805074728588528660e-02 -9.238362686311563099e-03 1.230280944914308588e-01 5.250148515111990877e-02 4.032738102186363138e-02 1.975964300093351750e-02 1.036194354147543933e-02
2.200000000000000178e+00 1.139700348027877265e-02 -1.337175796774070502e-02 1.172121753230999097e-01 5.109440116163074114e-02 4.012223040293537435e-02 2.022941729706525041e-02 1.086230588203899484e-02
2.399999999999999911e+00 7.351247622348225028e-03 -1.701279955153411905e-02 1.109548052203521984e-01 4.922274435432480444e-02 3.937152365392675851e-02 2.035238577712885841e-02 1.114557815181727377e-02
2.600000000000000089e+00 4.844211550865893008e-03 -2.013179184941393460e-02 1.042252380308292398e-01 4.690972185892416935e-02 3.811075281245548951e-02 2.014465639804767852e-02 1.121842528070638584e-02
2.799999999999999822e+00 3.258245920781196407e-03 -2.270458195970455340e-02 9.714214384642042011e-02 4.423712054828884965e-02 3.641822863341173666e-02 1.964383708844915852e-02 1.109864828743737861e-02
3.000000000000000000e+00 2.233014065321628928e-03 -2.473871088003027838e-02 8.991849826374753718e-02 4.132859905805749690e-02 3.440758459274895903e-02 1.890856445625679547e-02 1.081705800187903951e-02
3.200000000000000178e+00 1.573523794962724837e-03 -2.597426944251864447e-02 8.184666723044713155e-02 3.788262809231886241e-02 3.183930183594548685e-02 1.780503231746550369e-02 1.029462316718332202e-02
3.399999999999999911e+00 1.125724792840307117e-03 -2.673811888468242970e-02 7.417294567351975787e-02 3.449947012586327549e-02 2.922613243416615283e-02 1.661430648620334030e-02 9.694776626394552982e-03
3.600000000000000089e+00 8.174285865095096137e-04 -2.706627528181522468e-02 6.690899825745344476e-02 3.121201855409044476e-02 2.661383914733896072e-02 1.536777546676373202e-02 9.038704946641893181e-03
3.799999999999999822e+00 6.020156429660608339e-04 -2.701207356225922979e-02 6.009761737869848131e-02 2.806406071665872720e-02 2.405581068223411334e-02 1.410109296805574057e-02 8.350727457399341122e-03
4.000000000000000000e+00 4.494037223558421546e-04 -2.662924749177153841e-02 5.376246761113917527e-02 2.508715828152600913e-02 2.159363245052985797e-02 1.284347970274667995e-02 7.651663804020085273e-03
4.200000000000000178e+00 3.413720526778254776e-04 nan nan nan nan nan nan
4.400000000000000355e+00 2.611401109429150485e-04 nan nan nan nan nan nan
4.600000000000000533e+00 2.013523607003750784e-04 nan nan nan nan nan nan
4.800000000000000711e+00 1.565935731772846707e-04 nan nan nan nan nan nan
5.000000000000000888e+00 1.229068543729143676e-04 nan nan nan nan nan nan
5.200000000000001066e+00 9.809909908095426720e-05 nan nan nan nan nan nan
5.400000000000001243e+00 7.898422495226899902e-05 nan nan nan nan nan nan
5.600000000000001421e+00 6.415388168678272688e-05 nan nan nan nan nan nan
5.800000000000001599e+00 5.255504899598049137e-05 nan nan nan nan nan nan
6.000000000000001776e+00 4.340564179408992751e-05 nan nan nan nan nan nan
6.200000000000001954e+00 3.639186809847087893e-05 nan nan nan nan nan nan
6.400000000000002132e+00 3.071363108146758986e-05 nan nan nan nan nan nan
6.600000000000002309e+00 2.608619932711505926e-05 nan nan nan nan nan nan
6.800000000000002487e+00 2.228890720099609892e-05 nan nan nan nan nan nan
7.000000000000002665e+00 1.915034402226946752e-05 nan nan nan nan nan nan
7.200000000000002842e+00 1.662431705708509690e-05 nan nan nan nan nan nan
7.400000000000003020e+00 1.449080588032053460e-05 nan nan nan nan nan nan
7.600000000000003197e+00 1.268197026785845149e-05 nan nan nan nan nan nan
7.800000000000003375e+00 1.114123359516301588e-05 nan nan nan nan nan nan
8.000000000000003553e+00 9.820677577319304451e-06 nan nan nan nan nan nan
8.200000000000002842e+00 8.724010042135935697e-06 nan nan nan nan nan nan
8.400000000000003908e+00 7.763333326663007246e-06 nan nan nan nan nan nan
8.600000000000004974e+00 6.927455187174312947e-06 nan nan nan nan nan nan
8.800000000000004263e+00 6.198986424425127691e-06 nan nan nan nan nan nan
9.000000000000003553e+00 5.553881502216188552e-06 nan nan nan nan nan nan
9.200000000000004619e+00 5.005680480326550380e-06 nan nan nan nan nan nan
9.400000000000005684e+00 4.517838029394188763e-06 nan nan nan nan nan nan
9.600000000000004974e+00 4.083737910336804917e-06 nan nan nan nan nan nan
9.800000000000004263e+00 3.696996537287380030e-06 nan nan nan nan nan nan
1.000000000000000533e+01 3.351381770467142004e-06 nan nan nan nan nan nan
1.020000000000000639e+01 3.052186487888251666e-06 nan nan nan nan nan nan
1.040000000000000568e+01 2.782495397027979371e-06 nan nan nan nan nan nan
1.060000000000000497e+01 2.539313296826508846e-06 nan nan nan nan nan nan
1.080000000000000604e+01 2.319924605838675498e-06 nan nan nan nan nan nan
1.100000000000000711e+01 2.121878968739598578e-06 nan nan nan nan nan nan
1.120000000000000639e+01 1.948073620198572954e-06 nan nan nan nan nan nan
1.140000000000000568e+01 1.789906187977806474e-06 nan nan nan nan nan nan
1.160000000000000675e+01 1.645940993797806922e-06 nan nan nan nan nan nan
1.180000000000000782e+01 1.514863676524831402e-06 nan nan nan nan nan nan
1.200000000000000711e+01 1.395478633889330084e-06 nan nan nan nan nan nan
1.220000000000000639e+01 1.289186534522511271e-06 nan nan nan nan nan nan
1.240000000000000568e+01 1.192060266392751026e-06 nan nan nan nan nan nan
1.260000000000000853e+01 1.103115465337102127e-06 nan nan nan nan nan nan
1.280000000000000782e+01 1.021540775071576699e-06 nan nan nan nan nan nan
1.300000000000000711e+01 9.466973911493374531e-07 nan nan nan nan nan nan
1.320000000000000639e+01 8.797292423077568284e-07 nan nan nan nan nan nan
1.340000000000000924e+01 8.179606989645080437e-07 nan nan nan nan nan nan
1.360000000000000853e+01 7.609831950982043894e-07 nan nan nan nan nan nan
1.380000000000000782e+01 7.084138423088931057e-07 nan nan nan nan nan nan
1.400000000000000711e+01 6.598953482716226997e-07 nan nan nan nan nan nan
1.420000000000000995e+01 6.161559668670855632e-07 nan nan nan nan nan nan
1.440000000000000924e+01 5.755941494444632777e-07 nan nan nan nan nan nan
1.460000000000000853e+01 5.379772653843653226e-07 nan nan nan nan nan nan
1.480000000000000782e+01 5.030865676485470562e-07 nan nan nan nan nan nan
1.500000000000001066e+01 4.707171781505663560e-07 nan nan nan nan nan nan
1.520000000000000995e+01 4.413455194025584589e-07 nan nan nan nan nan nan
1.540000000000000924e+01 4.139842809320816922e-07 nan nan nan nan nan nan
1.560000000000000853e+01 3.884946800763118878e-07 nan nan nan nan nan nan
1.580000000000001137e+01 3.647460045372734655e-07 nan nan nan nan nan nan
1.600000000000001066e+01 3.426156097482824449e-07 nan nan nan nan nan nan
1.620000000000000995e+01 3.224231757076607441e-07 nan nan nan nan nan nan
1.640000000000000924e+01 3.035350716974934005e-07 nan nan nan nan nan nan
1.660000000000001208e+01 2.858227888578893716e-07 nan nan nan nan nan nan
1.680000000000001137e+01 2.692294872116671027e-07 nan nan nan nan nan nan
1.700000000000001066e+01 2.537699951885274156e-07 nan nan nan nan nan nan
1.720000000000000995e+01 2.395920348128397193e-07 nan nan nan nan nan nan
1.740000000000001279e+01 2.262815111143716963e-07 nan nan nan nan nan nan
1.760000000000001208e+01 2.137815460205609264e-07 nan nan nan nan nan nan
1.780000000000001137e+01 2.020419846919561155e-07 nan nan nan nan nan nan
1.800000000000001066e+01 1.910193954359177258e-07 nan nan nan nan nan nan
1.820000000000001350e+01 1.808646356238570220e-07 nan nan nan nan nan nan
1.840000000000001279e+01 1.713027784078219564e-07 nan nan nan nan nan nan
1.860000000000001208e+01 1.622985327052179922e-07 nan nan nan nan nan nan
1.880000000000001137e+01 1.538182195844496979e-07 nan nan nan nan nan nan
1.900000000000001421e+01 1.458297722492034951e-07 nan nan nan nan nan nan
1.920000000000001350e+01 1.384411786767298256e-07 nan nan nan nan nan nan
1.940000000000001279e+01 1.314637568795873683e-07 nan nan nan nan nan nan
1.960000000000001208e+01 1.248739534245157858e-07 nan nan nan nan nan nan
1.980000000000001492e+01 1.186504187044736109e-07 nan nan nan nan nan nan
