2.000000000000000111e-01 2.732823497558312456e-02 4.208014438395741956e-03 1.094251860700914437e-02 7.334351003168153478e-04 -2.292647995367777059e-05 -4.464930483715686549e-05 -1.698345317381518151e-05
4.000000000000000222e-01 6.328923764105262757e-03 3.586369126200045047e-03 1.021364682049993519e-02 7.154975594395347879e-04 -2.328954397330422344e-05 -6.543575871353126414e-05 -2.938436392750769244e-05
5.999999999999999778e-01 2.504557130789176501e-03 4.029779261237020557e-03 9.619126297702583483e-03 5.886099259097621935e-04 -5.692027558201589039e-05 -8.186369675628988338e-05 -4.514889913697464109e-05
8.000000000000000444e-01 1.220231622766415050e-03 5.237274528805813470e-03 1.041689949924406305e-02 6.382115475024143555e-04 -5.713893281125903616e-05 -5.673015751558599048e-05 -5.396067100101391935e-05
1.000000000000000000e+00 6.615183120504750233e-04 6.389525496113207005e-03 1.200961156198799597e-02 8.158075692294678057e-04 5.683260500667044102e-06 1.761726145279765538e-05 -1.179839346154625354e-05
1.199999999999999956e+00 3.829159465471777715e-04 7.026869182176280829e-03 1.371340880273380289e-02 1.026836639223231143e-03 1.253530246195778107e-04 1.151622952348315158e-04 9.003217750048676967e-05
1.399999999999999911e+00 2.319159761468157137e-04 6.978646965850239005e-03 1.514518478084908581e-02 1.215536246078292209e-03 2.684543779916671023e-04 2.098030631766645531e-04 2.226505502916428650e-04
1.600000000000000089e+00 1.453196950864349521e-04 6.246336857904734134e-03 1.623340986470751812e-02 1.374233304650890981e-03 3.975393997357119552e-04 2.851462489601635847e-04 3.503578610006960123e-04
1.800000000000000044e+00 9.352505056658609822e-05 4.933462523271776173e-03 1.701529867429533299e-02 1.494131399616087071e-03 4.796831014137449231e-04 3.346952322276908328e-04 4.564056727545646812e-04
2.000000000000000000e+00 6.151504329458315197e-05 3.161684213632678930e-03 1.755557496601332576e-02 1.581698678945886579e-03 5.063527803611947778e-04 3.481555964549452788e-04 5.339987157958846339e-04
2.200000000000000178e+00 4.120507089671248080e-05 1.044844305282535213e-03 1.791740765444641698e-02 1.648837484159091076e-03 4.924448083909081179e-04 3.277307744996459300e-04 5.803953052125975344e-04
2.399999999999999911e+00 2.803320674926568139e-05 -1.315215788104042750e-03 1.814840599000693694e-02 1.701523392672759033e-03 4.513497923233923659e-04 2.804402602707233407e-04 5.979194944339275355e-04
2.600000000000000089e+00 1.932928429557227330e-05 -3.813940673433687759e-03 1.828173231569393473e-02 1.738884163254898751e-03 3.939327662018674643e-04 2.122312266995276479e-04 5.873570131233990087e-04
2.799999999999999822e+00 1.348478338081353312e-05 -6.370645287825087849e-03 1.834009980797143141e-02 1.765399107215637588e-03 3.275240118850017076e-04 1.310583721815200098e-04 5.535647494929287534e-04
3.000000000000000000e+00 9.505363652731635239e-06 -8.915549507084331166e-03 1.834039622982675671e-02 1.785259883239242789e-03 2.573515846762413511e-04 3.940052654141481446e-05 5.039990247173699528e-04
3.200000000000000178e+00 6.762532244247696700e-06 -1.139581847471488746e-02 1.829355367227062865e-02 1.799070204039938427e-03 1.882612644687987273e-04 -5.796780163233234188e-05 4.396056770775042823e-04
3.399999999999999911e+00 4.851444879722811861e-06 -1.377399032890678707e-02 1.820735185667007178e-02 1.807896431885007817e-03 1.227246579776197083e-04 -1.543028446253635877e-04 3.653804337651366039e-04
3.600000000000000089e+00 3.506868863959563882e-06 -1.602118274320283101e-02 1.808658375191705622e-02 1.811137359966926048e-03 6.051302741928299824e-05 -2.481151384339298793e-04 2.859807942140154863e-04
3.799999999999999822e+00 2.552543299104718010e-06 -1.812031623705253128e-02 1.793815779267982427e-02 1.807139938976532086e-03 2.901672980778264803e-06 -3.366691717569964817e-04 2.016380140409449980e-04
4.000000000000000000e+00 1.869760228790435491e-06 -2.006167271675070654e-02 1.776520367366934625e-02 1.795793041708571014e-03 -4.706492961222744873e-05 -4.173609821466401954e-04 1.153362709733535729e-04
4.200000000000000178e+00 1.371088896287760646e-06 nan nan nan nan nan nan
4.400000000000000355e+00 1.006474263068374344e-06 nan nan nan nan nan nan
4.600000000000000533e+00 7.395842381939493461e-07 nan nan nan nan nan nan
4.800000000000000711e+00 5.440153540252150111e-07 nan nan nan nan nan nan
5.000000000000000888e+00 4.005566069515134073e-07 nan nan nan nan nan nan
5.200000000000001066e+00 2.952137888088568391e-07 nan nan nan nan nan nan
5.400000000000001243e+00 2.177811101508426829e-07 nan nan nan nan nan nan
5.600000000000001421e+00 1.608072067208724700e-07 nan nan nan nan nan nan
5.800000000000001599e+00 1.188457114448441691e-07 nan nan nan nan nan nan
6.000000000000001776e+00 8.791141595620042834e-08 nan nan nan nan nan nan
6.200000000000001954e+00 6.508515070717256601e-08 nan nan nan nan nan nan
6.400000000000002132e+00 4.822637753828703809e-08 nan nan nan nan nan nan
6.600000000000002309e+00 3.576389000785030119e-08 nan nan nan nan nan nan
6.800000000000002487e+00 2.654322132232888459e-08 nan nan nan nan nan nan
7.000000000000002665e+00 1.971527138034062537e-08 nan nan nan nan nan nan
7.200000000000002842e+00 1.465492943819601458e-08 nan nan nan nan nan nan
7.400000000000003020e+00 1.090154975131845991e-08 nan nan nan nan nan nan
7.600000000000003197e+00 8.115365756252064497e-09 nan nan nan nan nan nan
7.800000000000003375e+00 6.045541856548294630e-09 nan nan nan nan nan nan
8.000000000000003553e+00 4.506731641850047418e-09 nan nan nan nan nan nan
8.200000000000002842e+00 3.361860431409391131e-09 nan nan nan nan nan nan
8.400000000000003908e+00 2.509467028364561591e-09 nan nan nan nan nan nan
8.600000000000004974e+00 1.874388438623693321e-09 nan nan nan nan nan nan
8.800000000000004263e+00 1.400898227842324566e-09 nan nan nan nan nan nan
9.000000000000003553e+00 1.047647554976361207e-09 nan nan nan nan nan nan
9.200000000000004619e+00 7.839319071321507849e-10 nan nan nan nan nan nan
9.400000000000005684e+00 5.869336911968996956e-10 nan nan nan nan nan nan
9.600000000000004974e+00 4.396838289832543303e-10 nan nan nan nan nan nan
9.800000000000004263e+00 3.295535923509812847e-10 nan nan nan nan nan nan
1.000000000000000533e+01 2.471378217829982479e-10 nan nan nan nan nan nan
1.020000000000000639e+01 1.854272881899054285e-10 nan nan nan nan nan nan
1.040000000000000568e+01 1.391948490592609128e-10 nan nan nan nan nan nan
1.060000000000000497e+01 1.045398183113407465e-10 nan nan nan nan nan nan
1.080000000000000604e+01 7.854951489299384867e-11 nan nan nan nan nan nan
1.100000000000000711e+01 5.904766790743278019e-11 nan nan nan nan nan nan
1.120000000000000639e+01 4.440725311489937026e-11 nan nan nan nan nan nan
1.140000000000000568e+01 3.341116221916700550e-11 nan nan nan nan nan nan
1.160000000000000675e+01 2.514840906991750681e-11 nan nan nan nan nan nan
1.180000000000000782e+01 1.893675702836359352e-11 nan nan nan nan nan nan
1.200000000000000711e+01 1.426500412495900474e-11 nan nan nan nan nan nan
1.220000000000000639e+01 1.074990415931508892e-11 nan nan nan nan nan nan
1.240000000000000568e+01 8.103992216098371525e-12 nan nan nan nan nan nan
1.260000000000000853e+01 6.111539845670050324e-12 nan nan nan nan nan nan
1.280000000000000782e+01 4.610575152305191573e-12 nan nan nan nan nan nan
1.300000000000000711e+01 3.479430294161247115e-12 nan nan nan nan nan nan
1.320000000000000639e+01 2.626670745680972744e-12 nan nan nan nan nan nan
1.340000000000000924e+01 1.983552091910190942e-12 nan nan nan nan nan nan
1.360000000000000853e+01 1.498367006132755927e-12 nan nan nan nan nan nan
1.380000000000000782e+01 1.132206582165087056e-12 nan nan nan nan nan nan
1.400000000000000711e+01 8.557805628058180593e-13 nan nan nan nan nan nan
1.420000000000000995e+01 6.470307683034151232e-13 nan nan nan nan nan nan
1.440000000000000924e+01 4.893390087850967790e-13 nan nan nan nan nan nan
1.460000000000000853e+01 3.701807756484583931e-13 nan nan nan nan nan nan
1.480000000000000782e+01 2.801133705159761634e-13 nan nan nan nan nan nan
1.500000000000001066e+01 2.120150613844698416e-13 nan nan nan nan nan nan
1.520000000000000995e+01 1.605127473302107187e-13 nan nan nan nan nan nan
1.540000000000000924e+01 1.215512483669624669e-13 nan nan nan nan nan nan
1.560000000000000853e+01 9.206904473723257262e-14 nan nan nan nan nan nan
1.580000000000001137e+01 6.975406129208574692e-14 nan nan nan nan nan nan
1.600000000000001066e+01 5.285966750684526929e-14 nan nan nan nan nan nan
1.620000000000000995e+01 4.006599459866761553e-14 nan nan nan nan nan nan
1.640000000000000924e+01 3.037537102323161228e-14 nan nan nan nan nan nan
1.660000000000001208e+01 2.303345502594930208e-14 nan nan nan nan nan nan
1.680000000000001137e+01 1.746972884508876992e-14 nan nan nan nan nan nan
1.700000000000001066e+01 1.325258647061598687e-14 nan nan nan nan nan nan
1.720000000000000995e+01 1.005542501221840022e-14 nan nan nan nan nan nan
1.740000000000001279e+01 7.631035727606229416e-15 nan nan nan nan nan nan
1.760000000000001208e+01 5.792257331394531408e-15 nan nan nan nan nan nan
1.780000000000001137e+01 4.397355892774322117e-15 nan nan nan nan nan nan
1.800000000000001066e+01 3.338973370208132751e-15 nan nan nan nan nan nan
1.820000000000001350e+01 2.535771355282265414e-15 nan nan nan nan nan nan
1.840000000000001279e+01 1.926110988776811482e-15 nan nan nan nan nan nan
1.860000000000001208e+01 1.463271615828576616e-15 nan nan nan nan nan nan
1.880000000000001137e+01 1.111832603968484187e-15 nan nan nan nan nan nan
1.900000000000001421e+01 8.449346652524315983e-16 nan nan nan nan nan nan
1.920000000000001350e+01 6.422063808043703029e-16 nan nan nan nan nan nan
1.940000000000001279e+01 4.881939771302964167e-16 nan nan nan nan nan nan
1.960000000000001208e+01 3.711719308796175499e-16 nan nan nan nan nan nan
1.980000000000001492e+01 2.822418327878403978e-16 nan nan nan nan nan nan
